12 167 75 226 277 68 237 147 118 238 152 262 240
11 168 134 92 63 244 258 140 291 20 43 208
13 34 110 24 136 227 125 224 111 48 101 181 69 257
11 54 80 15 213 209 90 201 223 252 37 153
10 180 294 137 74 113 29 217 89 199 289
13 216 203 193 105 129 39 40 243 22 76 287 194 77
11 108 161 187 53 185 3 61 5 106 120 186
11 99 103 127 96 14 114 45 78 280 1 211
11 116 0 220 171 21 230 158 160 83 231 293
12 184 72 13 188 172 222 170 190 98 264 17 274
14 87 8 133 225 267 32 202 268 191 235 35 55 142 206
13 275 246 276 44 174 50 11 119 112 66 30 233 247
12 41 88 18 200 166 295 109 6 25 242 176 143
15 164 7 286 58 218 198 239 253 197 138 155 154 97 52 130
12 296 4 62 150 60 79 102 157 298 248 250 100
10 212 299 210 144 245 128 146 86 163 10
11 85 162 95 263 261 284 271 93 139 31 135
13 249 159 107 57 241 122 26 283 16 182 251 272 2
10 148 260 285 91 204 82 195 131 255 292
12 259 56 38 232 254 177 269 81 265 145 229 94
11 273 19 28 64 207 73 42 51 104 47 9
11 290 156 282 121 117 23 124 115 67 279 178
6 281 27 70 205 141 132
5 214 236 219 126 183
4 266 71 270 151
5 12 215 123 173 175
2 192 288
4 196 297 84 169
3 59 46 49
3 228 189 165
1 256
2 278 149
0 
0 
0 
0 
0 
0 
0 
0 
0 
0 
0 
0 
0 
0 
0 
0 
0 
0 
0 
0 
0 
0 
0 
0 
0 
0 
0 
0 
0 
0 
0 
0 
0 
0 
0 
0 
0 
0 
0 
0 
0 
0 
0 
0 
0 
0 
0 
0 
0 
0 
0 
0 
0 
0 
0 
0 
0 
0 
0 
0 
0 
0 
0 
0 
0 
0 
0 
0 
