33 8671 3729 5670 6755 3248 6119 5961 6264 5429 4495 9040 534 8011 1413 8363 3183 9175 261 1312 6371 101 3273 2280 4514 8220 7924 2345 5156 7469 3476 636 9935 459
34 370 1379 5186 9435 4372 3099 5986 1533 6071 5034 7258 2980 390 7534 227 8075 8009 7574 8477 2 5531 9693 4742 737 2024 8061 6656 2850 5757 4987 3353 2206 670 3792
33 9615 4622 7902 9189 9829 4818 3787 1610 7813 8375 4981 1105 5193 1091 7319 3726 6186 3556 6761 6066 5442 8288 9957 4889 6228 1077 8934 3261 2133 4714 6093 7100 7251
35 7329 5071 9835 3778 6470 7771 9855 2048 9128 2492 3050 975 1381 8404 6893 2516 6064 6124 3041 9768 4871 8043 8874 960 6409 7046 8731 9869 366 8520 1368 7597 8752 6113 3416
33 6896 572 9099 6074 5850 4130 3793 4162 8100 8234 2405 4656 6530 926 6260 9542 1541 6498 9466 7780 1916 7297 2760 5443 437 3509 6473 635 8830 8805 7235 4135 9609
36 1247 5440 5798 7830 7135 232 1461 7715 2175 933 8817 8505 1147 2895 7973 7896 8251 8196 128 861 2554 3196 3871 3573 2923 3407 7732 8941 9845 2035 3415 6037 6092 4042 6297 2784
33 2836 852 696 9004 9068 9155 346 423 5840 4017 3190 6751 1591 5246 906 9000 418 6143 3060 165 6295 3727 8324 5426 9996 3681 7775 9208 5352 1393 4811 4980 1291
36 9199 1248 9502 8107 6630 3164 565 8079 175 2213 1026 5399 2128 5880 7270 7224 2664 4928 2470 5470 5599 6046 6080 2556 8003 6454 6993 2861 2762 1861 7212 2904 4227 7009 3342 4606
33 8521 8552 9689 9607 2650 7278 6492 630 6719 2578 4370 7747 3339 7254 9288 155 67 1886 2431 2088 8425 4198 5455 8697 8681 3276 206 5754 9005 9741 2891 4007 3131
38 3545 7725 1954 6121 470 8624 4943 1245 5607 1372 3714 2417 4200 8803 9582 1741 980 9050 2058 9886 2561 5409 398 7972 2870 5920 5871 7713 5789 7815 7396 3618 2157 505 6187 2435 4610 6520
35 4733 4194 5207 539 8254 6985 7411 9663 9954 2116 7694 7165 9724 2919 3490 6385 2911 7899 8386 819 8224 5135 6727 4785 2718 8374 2244 2412 8372 2089 8832 6090 9508 3894 9344
40 6644 9200 6450 2647 894 8452 360 3442 9818 2771 6234 4413 1608 7708 2757 4970 585 4692 3634 6045 4985 3336 4667 8512 5549 9237 6471 9941 7053 4669 2632 9617 957 3602 1468 65 3647 6199 6909 6664
36 7479 5502 4476 9948 2013 134 1982 399 9269 2686 6398 2824 8266 4287 9072 4196 243 8844 3797 4396 9106 9381 4398 7244 2773 108 9205 247 3882 8620 5329 4948 9097 2659 1366 3554
35 85 2499 4229 4426 9987 1227 863 280 3366 8716 6233 8403 3884 5189 4575 4661 3880 4631 6897 8532 2277 9281 4781 8647 199 3908 5078 4016 330 7764 2709 8869 7592 2691 5605
37 5003 2386 6436 5941 1249 89 3141 6485 5445 787 1631 4212 9165 7827 8171 6294 9253 9051 2576 7378 3119 3857 8133 7937 8096 8779 2885 8850 5616 6639 3103 1421 3822 4877 3497 8487 6992
40 631 5650 940 7756 9967 3404 2308 3949 4078 7291 4045 8983 4588 4816 1139 1315 2242 114 4995 2643 4681 4660 8473 2557 6184 1658 8280 7614 9220 7697 1090 256 2546 1015 5729 1072 4608 6844 133 9480
38 1360 7068 7383 3451 1629 8814 1625 1495 4465 4637 4172 9968 9 5284 8010 3002 1193 999 5480 44 353 4358 8463 6720 8579 2007 1479 8541 4403 3632 3297 1828 5068 7110 4335 9278 2310 3169
35 4821 9132 9518 7431 9681 8925 6390 2741 2324 7617 4797 4522 1590 7953 1 5000 2449 449 5132 2817 3562 8573 3821 4225 8943 2880 880 3585 4993 5025 8409 6058 1482 7523 4619
37 1010 4424 4376 9366 1460 4087 1583 5684 8233 732 6142 6048 7000 8909 8584 9519 2969 1375 2979 9032 2104 9203 7656 1284 6797 2191 6478 4455 9928 5198 5630 5617 9799 1511 4771 745 4912
40 3838 6057 6158 4060 7554 6789 990 6830 1809 4577 6200 741 4009 4041 847 2099 4700 8381 795 2676 9409 3963 4613 6620 7391 8051 8169 6525 829 6134 7966 290 1998 7401 8531 4440 5360 2613 5526 1990
34 5472 1117 2215 6167 1523 5633 2925 5148 7066 9407 1183 4731 1823 7154 3226 4271 7148 1170 9218 7093 3019 8230 5799 8787 5333 4509 8687 300 1318 7974 1887 5568 8287 5103
36 7389 9223 9386 790 5598 1114 583 4242 6438 6261 2478 6583 7844 7051 1125 9727 2717 4909 3028 8560 7238 570 7765 4880 7014 1907 196 7579 9717 3581 5944 8914 8094 3001 1918 962
37 336 2307 96 8590 2336 4326 87 7283 8922 6035 8599 6569 595 4075 1076 6406 3834 4951 7360 8497 5594 1396 610 1211 2194 4899 3264 2849 774 9923 3034 9667 1222 5945 5821 3364 3702
40 2106 8767 7203 2070 8366 1953 2411 20 9257 3065 5994 9184 2081 8812 1757 1228 50 3718 4521 842 9111 9504 5679 1483 9300 3251 4103 3395 8793 5227 3375 9594 7977 11 15 5925 3417 5230 7634 5199
40 5439 4930 2421 9547 6163 335 874 3722 9771 9069 7323 3098 9546 5407 3758 8550 6675 3488 4770 937 1883 2077 9770 6587 7178 1133 758 3720 6324 8002 348 3710 2454 1216 6355 9921 8829 9864 1487 8368
38 574 2176 7499 4298 8900 4585 9969 2150 1441 5244 3224 8536 8180 6151 427 743 4994 422 5091 7078 5886 4931 6244 5483 8721 2683 2955 9145 7185 6099 4342 1466 4853 4828 1209 8317 7752 2525
36 6365 1794 5947 663 6402 6972 1435 3742 4502 6378 467 6393 6813 7762 5628 2750 3812 6697 4026 9463 8617 5716 575 6263 6923 136 2847 1434 6514 5463 8329 721 8569 7458 3187 9558
41 1137 1694 3869 1455 3203 4274 6117 479 8394 435 8616 6629 694 210 1355 4668 9079 7338 5736 1042 193 8097 2752 259 7604 6333 8226 2108 7164 2271 6352 6784 6916 8259 5637 5990 6557 6977 6657 783 7921
38 9780 651 9307 4820 6883 7911 8423 303 4381 4375 9887 8564 246 4842 358 1319 6230 7138 8542 504 9739 3221 7010 107 4254 2165 4924 63 1572 3774 9585 8032 7298 6540 9731 7199 8479 3611
40 3692 5467 4672 9322 7543 4919 8232 5913 8293 2197 5247 4963 8605 53 2788 1612 6141 4862 7 6375 98 1066 345 7025 8962 548 312 302 9669 2441 9586 2123 2720 5064 1500 7347 9216 5101 6431 2526
40 9686 4831 5155 1031 1148 6519 1934 4736 12 5344 9690 3744 7186 4005 1000 258 2214 1022 2185 6040 1609 6641 3176 580 7263 3426 9618 4532 8247 3382 1129 7649 410 981 725 1685 3974 9084 8145 3753
41 710 7954 2290 6383 3214 8901 5837 9759 6077 9134 8130 9924 4270 4666 5233 1781 2912 1876 4216 8530 9066 8944 3842 4645 661 201 5698 6749 3886 778 3959 7195 886 4937 9673 4195 6458 4433 5145 568 1197
39 1345 6109 6379 3830 5685 996 5835 3210 3917 945 524 5609 2690 731 3021 7477 4716 2074 5231 6998 6337 983 8845 3638 3384 8384 3201 7569 8670 377 7742 6610 2489 8967 9451 8161 8717 2670 9076
40 240 8174 2636 6865 7846 1521 1759 4858 9856 755 6022 7979 2845 8276 8993 5807 5085 3540 4900 7961 4033 2934 8273 9837 8054 8240 8028 8886 4058 1177 9870 3188 544 2770 5388 2222 8729 277 6065 2943
37 967 6695 2296 9460 3139 2359 1775 6790 8383 5583 6899 7452 7055 9453 7679 7778 4635 2532 9186 7462 293 7936 1568 4059 363 8724 1818 3073 7405 4905 9484 7419 4856 3254 9083 1038 1101
37 4442 3757 7727 3062 7409 9135 3012 78 3897 6704 5346 8526 760 4799 7873 9420 3546 3599 8298 3296 9268 706 3887 9174 6123 3694 6914 2906 6858 7374 2064 1418 2161 2491 637 826 6114
40 4529 2090 9978 8773 8041 8978 1606 3664 7893 2314 2461 9170 1745 2685 7388 328 4387 6900 7886 7542 316 1141 249 3719 2297 141 6648 6213 6298 2879 6556 156 3583 9878 1796 4411 1987 3127 9153 1790
39 6686 2434 5314 2715 4307 8102 7675 7538 3346 702 7784 5620 2477 2985 3469 9204 5337 2841 9041 1944 5444 4713 1798 8804 2978 3677 5970 4070 7156 9102 5936 4620 2468 7460 3333 6880 3436 2705 6625
40 779 4258 6847 9636 5192 6931 9064 5353 1342 1371 1567 8294 6357 347 8162 8604 1949 4235 2535 2019 2343 4891 9805 4547 9792 4461 915 5753 2419 1831 7840 5919 869 7581 1171 1287 3152 5219 5738 7632
40 5065 4299 4400 2404 5300 1048 3794 1392 8429 2456 8106 740 1073 6108 2974 1816 2042 3895 4738 6240 2022 7108 3130 8957 3835 4918 9370 4855 8042 4352 7609 9625 1789 8954 2067 297 3500 608 4574 5441
38 9274 421 5497 6212 3815 2006 3452 6401 8053 7354 6577 2585 376 2199 8575 8029 3067 9121 7197 6290 2794 6747 1555 3464 4679 7677 7158 8911 7539 7352 7269 7586 9096 5308 5185 7346 9716 5842
42 7766 1399 923 3025 8388 916 2476 9239 9548 3594 5123 5748 6841 2777 9526 9740 1112 6245 4202 8498 6846 8270 3453 9897 2303 4226 6882 6465 4286 1626 9973 8215 99 9258 1023 6259 1726 2540 6650 1927 9251 3878
41 7030 2947 8077 9123 7181 4883 1377 4996 7909 8135 764 8906 3284 2530 3385 9577 3194 7879 5977 9248 2008 9926 800 2315 3715 4825 1463 8769 3006 8339 6194 8545 9873 8249 1033 9289 3162 1975 260 4218 6611
40 7706 1695 747 4784 1422 4151 2198 8126 1447 1404 2082 6861 3875 6214 854 7020 8559 4533 5847 393 7213 4964 6237 3956 5585 4063 5330 5883 3334 9052 4516 3145 4347 6369 8952 4382 5493 9025 1449 68
42 3701 3533 7446 6622 7952 2811 993 7083 2854 8419 798 5643 3003 1515 9803 9448 1081 9301 5741 1354 5046 8747 4956 3128 925 8959 8588 7176 7088 4390 4406 6884 2228 6799 858 266 7515 1311 5401 8158 511 7558
40 9213 7210 5026 5737 5960 116 4629 8408 5814 2639 9452 4698 9983 3132 3818 8565 7395 5326 8864 8840 8146 9299 3146 9890 6724 5370 2372 1830 2700 7547 4256 5636 6723 2367 4068 408 8753 2260 759 8927
39 1635 4118 2039 5983 4393 3017 2964 6426 9461 6563 4248 361 3325 9094 5239 8489 4823 6742 1940 7368 1109 4170 314 5428 9599 4594 9454 32 2096 6922 681 6817 9108 4859 5235 4524 7782 7854 9628
40 2550 9011 3031 5256 3094 2011 4276 3435 7943 5499 2959 4972 41 426 338 992 3082 4638 2083 6210 1888 2933 824 3311 2916 9743 3985 6775 5335 2998 2362 2240 4167 2131 3058 9528 2028 6202 1473 7672
39 9193 7130 517 5826 7067 2111 7513 6804 7967 4402 1003 4179 1960 3051 1553 189 1214 5296 1035 3 7142 2749 3408 5803 897 8163 609 9279 8644 713 215 8491 2568 600 3926 179 3631 5801 1603
41 9071 2333 3534 311 4466 1601 5572 1707 7660 4596 4687 7991 9201 4515 436 3748 3904 8570 8370 9589 5106 6595 9998 6806 166 1711 7127 7651 4773 5946 7724 1967 7928 1703 5310 6254 5959 2285 6969 7700 9813
40 5376 2416 6316 248 9017 6731 1290 1620 9798 3491 167 394 6311 2253 4755 6845 8651 736 8078 588 6031 244 4289 7157 6334 9497 6708 5473 4708 6739 253 1357 1278 2541 8847 6403 5283 3560 8977 3494
41 4872 8626 3849 5265 3765 194 8529 9900 4568 6060 516 8955 8012 895 9511 1676 5893 308 1269 5298 1412 2963 2433 3912 1621 3023 2258 2892 493 7576 3755 2029 9008 1203 6976 9712 6039 812 9183 7054 4379
40 814 4362 5968 6496 7600 8696 6277 2958 2447 9674 6814 6699 1905 7223 7763 9517 6251 4205 6075 120 8958 5079 9285 5644 4935 3161 7239 4144 6364 7613 2306 3721 7687 2284 1662 8896 8297 356 552 213
41 640 9391 9543 8867 2857 8431 468 5438 6545 6787 6181 9788 3386 8343 891 9600 4548 9631 8176 2453 8972 581 545 5632 9194 6013 5365 3396 3429 7172 1600 7828 6801 1043 6566 4915 6536 3134 9120 3828 9141
42 3503 4969 9033 8271 9380 2003 1156 8988 1219 6003 9521 4094 2761 5933 4301 8833 3232 7947 699 9777 368 5839 1347 5600 7933 2030 8101 9646 1664 4273 9345 6571 8214 307 7716 6777 8283 8862 1811 6857 5768 3541
42 1634 9698 8507 7624 7583 299 5403 4181 977 5773 6144 9324 1729 4213 8460 9867 476 5203 6667 8665 593 3673 1563 5851 1945 6070 2518 5950 7163 1225 881 3403 9357 276 3788 5876 9650 1262 7149 7420 222 5552
39 6373 4876 4531 7606 3850 5978 1516 9374 3377 6081 458 2787 3547 1159 7220 7308 7305 9363 8193 8342 2458 8965 2829 9036 9321 3052 170 209 5570 5648 8211 6076 6827 2207 2517 3298 5066 2942 3213
39 1411 6982 1229 2580 8720 2987 1304 70 419 7926 5104 597 1478 1632 7611 9614 6293 6811 5973 7252 7099 8792 4913 8611 9532 5447 667 3898 16 5305 1615 8456 7801 6285 5655 5603 905 5515 1773
41 6994 7779 537 6010 359 7011 4457 7745 5715 4255 5681 1537 624 7607 7668 9450 8499 7785 2984 6421 4186 879 4237 7024 7738 180 2377 5902 1166 5338 542 2140 7356 9849 9557 3454 5868 6464 3332 2076 1724
40 3243 7355 1738 2649 9550 9291 8121 8798 8331 527 5280 9338 5739 5474 2790 4934 4581 2542 2014 5728 9061 9914 6766 55 9232 292 6025 8578 2018 9752 9467 6864 8811 9139 3672 3771 7560 8668 8426 8732
43 3083 6102 3434 4505 7266 413 2940 4262 284 9670 8884 7710 563 5621 4015 466 8513 526 7796 1180 3124 1993 7580 4677 3589 7960 7262 6138 2275 6759 8493 6248 7695 6877 7082 9786 5766 3227 9058 523 5708 6802 686
39 6796 5591 5223 9494 6392 9365 2707 5696 130 1829 2688 8999 9403 4115 1027 3743 2071 1834 6898 185 8627 5496 489 8863 3163 8551 5114 6286 5216 683 6467 3855 4657 9507 1374 31 9793 1589 3335
42 8021 3129 4360 2155 7498 3522 8205 8710 2272 4641 5749 4603 8949 9246 625 4986 2604 5288 7379 4253 9493 3159 5992 1943 7793 131 6646 1339 233 8269 8991 7182 4032 8596 9576 172 8348 791 4520 5595 8167 5793
42 7669 339 9115 4076 1281 5357 9758 5418 1157 5640 2803 8132 7105 5491 234 132 6607 9703 1825 6698 5057 6776 6647 2173 3669 9019 6278 4788 7770 9055 8450 267 9342 1639 9359 6168 6988 2616 4861 8728 9490 9692
42 3440 3064 49 5157 9059 4992 3479 6162 6494 6986 2000 816 2132 5772 6381 3394 9828 936 6453 503 8229 9464 1198 8340 970 6135 4079 4590 5626 4268 9705 5999 5574 4116 3841 8856 1317 793 2390 176 488 8887
41 6579 9888 3872 443 9002 1054 4754 4602 5726 3320 2402 7522 1013 4526 4460 7141 4486 7453 1063 2678 8828 8956 9070 2626 5184 9726 590 3604 154 1536 4694 7205 4627 4890 8937 4921 7786 431 9379 8127 9538
42 1030 2443 4209 921 1574 6597 3856 4051 5615 6457 7121 3153 9173 1192 4176 1337 5136 3686 8733 2295 959 5414 2594 3253 9337 8159 6968 3616 9095 8602 6515 2822 7225 1948 1425 9429 775 7018 9211 8261 4911 7959
42 5833 9808 6767 1873 7200 8802 1140 2241 6551 7129 4782 4766 6321 434 4906 3852 4564 5524 3111 5044 6462 484 109 3117 8084 5126 8250 1705 4419 3643 9779 3155 3525 7776 8222 5665 1070 3993 6876 6354 1270 2177
40 1836 9001 2652 275 1810 1199 5745 6582 1158 8435 5261 3275 1971 9479 6411 6643 367 424 8669 5125 8511 3754 997 2127 8349 8488 9620 6051 976 2982 2509 9725 9044 6073 7906 5087 7133 4895 6218 7789
42 8674 8274 2638 6655 9704 447 7146 2625 8936 3578 4175 7862 9964 1851 2544 7970 1681 714 1981 5321 2178 7509 7331 6296 1059 4689 2504 3760 7847 2394 9018 5194 3612 7211 6726 3076 7530 9541 4190 6869 4098 7455
43 2865 8976 2586 8362 8218 3173 3355 3437 4761 4339 4452 6567 8253 4323 3645 9498 7529 9400 3565 2996 4775 91 5272 7249 9789 5629 9993 4512 2252 7670 9679 7795 5658 6715 2033 525 5614 6447 8080 973 7096 9182 5641
41 1546 3228 4182 2340 6320 1668 6590 4154 6703 2231 2702 1017 9910 3688 1972 7236 5820 8201 9997 7737 6974 9852 912 7817 5810 4640 1576 1654 5486 7816 2712 8940 8200 7031 1653 4758 6310 7993 2981 1894 2298
42 4479 7963 7481 269 1279 1006 7007 2084 1743 4839 4566 5082 5918 8039 8112 143 2725 8897 3069 4267 4795 5050 2634 9214 4327 888 8882 7553 4126 1877 3932 8008 2162 5109 3836 2484 4551 7228 401 4445 7500 2392
41 9035 4851 3121 4469 4351 6826 2766 6009 8500 6012 6735 8719 914 8059 654 1087 567 7751 2274 6860 3649 4707 2249 3231 342 5667 3487 9043 9854 3063 481 1898 5534 9117 5989 1661 1565 8780 4721 9465 8001
42 1028 4220 5781 3687 5580 8726 6033 2225 6016 9373 521 838 5538 2164 5215 3379 8785 3262 4927 3246 2951 6055 8424 4083 3703 7039 6722 2180 7836 8688 1044 8024 7091 698 3091 4318 1153 3991 3997 9593 2495 237
41 4489 3848 8257 720 2774 851 1231 9622 1526 2708 5469 6701 4966 5175 6891 2727 2611 1034 7116 9879 4034 4611 7247 2798 7655 5506 3891 1474 5765 931 5818 371 5206 6793 3506 8265 3527 3784 1134 4836 5498
44 9719 3741 982 2970 9107 873 2776 7507 7913 9520 8639 6188 3749 2957 1065 8015 8335 6400 3045 1964 1493 3309 6756 5174 2281 6098 5295 678 9685 6067 6394 3654 1164 3303 3657 2948 5543 5782 7743 2581 2587 8023 2219 8822
41 6300 2073 550 6743 1165 9478 4539 6094 8544 828 3307 6950 8256 9393 979 7070 6548 8742 1692 354 8360 6183 6586 4291 4210 8400 7755 6152 8014 6835 9933 7340 3474 47 4511 3924 6273 8027 7139 5205 7013
43 7692 4705 4332 9706 2338 4573 3475 9192 5153 9611 7931 138 9022 8049 1731 2710 1021 3873 1326 1019 7366 9472 2409 5293 4203 7528 7855 2730 4719 4169 2809 8475 1508 9713 9606 7749 5942 5733 9922 6689 1512 633 7109
45 7505 357 9167 4014 6208 576 4282 4473 5874 1624 7418 2621 4812 2086 2896 3684 4456 6043 1586 3225 5142 4787 117 471 4953 1919 5092 2990 3653 4892 5522 8528 2694 8405 3940 1472 4357 6521 8583 7739 2001 9682 3447 5802 7922
44 727 4704 2813 7261 5069 2863 7333 6281 4192 821 8438 6615 643 473 8258 9537 5451 7277 4805 8794 4752 508 3918 6164 5162 4269 313 9474 5934 6112 4945 3961 8960 6096 8548 3421 4621 8071 2973 7040 1846 3242 5392 1075
