7 8890 3269 9333 2504 2295 9873 2490
8 303 4679 1332 506 6480 90 367 879
8 9913 8575 1272 8042 1453 537 6106 2226
7 1178 9273 2543 3722 4727 9624 5773
9 4839 1335 6135 3017 3629 9920 2760 8661 1007
9 3156 3580 1543 8133 9619 2352 2600 5632 5985
7 4094 5497 2384 5475 2266 6697 1906
5 3654 183 2602 1331 4672
8 445 2949 311 7534 4491 3308 478 298
10 1992 1138 9393 9254 7555 6615 552 2841 8867 6384
5 4829 6333 9586 8628 773
10 4435 4059 5445 4071 2675 7381 4085 7425 8270 8862
8 8703 8578 2074 6041 6345 7573 9727 9257
10 8292 7318 6807 4948 6491 2335 2745 2792 9767 976
7 9121 7194 1493 7179 8476 3769 3484
11 9084 4377 6901 225 7171 8521 2539 5347 8836 4541 1134
11 7429 606 5299 1066 7934 5087 2118 6205 5379 5595 8372
3 3444 2418 1546
8 7913 6985 8804 7891 7536 814 6841 6423
10 7952 5018 2920 9305 1441 8021 4087 2042 8853 7973
10 1209 8630 4379 4742 5866 9341 2319 4385 8472 8202
11 9675 2296 2432 2519 7253 1560 4944 3910 5099 3568 8405
9 1815 8518 2917 6023 2952 9205 6382 8456 3719
10 1664 1993 6783 9003 8642 2893 5158 2931 2811 5072
9 9888 268 563 9636 2916 4710 5353 6635 3733
6 3457 8773 5530 6001 6027 6847
7 7468 6274 9725 9919 4313 6598 9918
10 2576 8271 700 2465 2578 665 4024 2590 135 5924
9 190 5192 1757 8737 6752 1496 3060 9 6931
7 1492 719 694 3667 1885 1296 424
9 1978 7399 3055 2696 8848 1963 4529 3906 6016
5 8227 1763 3759 9659 8078
9 9550 4966 7103 6580 7205 1578 890 4611 762
9 7293 7320 4080 9952 2105 2989 11 2388 2258
5 3527 8329 7444 1533 1344
4 920 9020 84 9927
8 8711 2523 9030 618 9322 8732 9437 395
6 7640 666 8035 8739 74 7147
8 6039 607 2338 7193 1839 2379 5096 7044
8 1528 5113 769 6710 9249 2486 1327 4296
9 3743 6654 1315 6031 9754 2741 4743 16 9993
12 7070 6456 677 4665 6466 1511 1256 5523 7212 8315 7517 8267
8 6115 3253 6252 9392 6422 7729 7377 2847
10 3988 3607 1305 7928 1613 5425 3495 514 4543 1487
9 4214 6150 9705 6132 4656 7567 3231 6561 609
9 6694 1438 2571 549 313 1201 6254 844 2289
9 9698 2106 768 2982 6529 1896 6083 5800 7828
6 3471 6794 7013 8389 8860 7591
5 8149 4309 8670 6521 4735
8 945 8175 2060 9313 6200 2111 1904 2583
11 9216 8024 3572 5668 9409 2061 252 7856 4738 5490 3630
10 8204 4885 7475 5335 1475 2442 3765 907 2518 3507
8 7862 5069 1263 9165 8025 6446 115 3356
8 8509 6403 4965 8477 5849 3818 1021 2544
8 7229 9852 5693 6172 3193 7023 360 6080
9 5424 9544 2356 1189 832 5021 4582 2966 7310
9 3236 9851 1515 6381 7931 6290 4084 4998 5122
8 6110 4184 9757 7109 620 8056 1748 4189
7 9581 1874 8207 415 2715 7340 9910
10 9523 6780 8978 8989 3364 1223 5700 9348 6421 571
9 3257 1867 5628 5193 1942 4217 2403 331 9323
9 7957 5744 2147 9164 8229 9418 983 7126 20
6 157 7227 5621 1112 1678 1841
9 9935 3329 8146 7118 9738 3233 1498 8045 3327
12 4894 3333 5890 7965 3817 1101 5847 6908 8807 6791 4457 7509
3 222 7325 7678
6 8965 8111 1814 5186 1442 562
11 6044 88 4833 5235 7576 168 4821 6156 4381 2692 4311
6 1192 3767 701 1420 6468 7083
6 297 3951 9267 8071 7719 9007
7 9901 530 1273 8878 1416 2150 240
8 5649 7309 7903 9100 6283 9320 3385 5505
10 6656 9627 3869 9140 5160 1340 7698 5422 1607 4341
9 4687 9768 9976 568 5902 7148 5738 7520 7624
10 585 9864 5695 66 8225 3476 5651 5822 7752 667
5 5991 8231 1458 7158 6867
8 2774 7329 3549 3442 7284 2656 2035 7593
9 6404 4414 5090 3778 6967 3454 7923 7706 7052
10 6952 7198 2735 672 8243 8376 1518 4730 4175 995
7 6269 6765 474 7569 1143 8663 2456
8 1888 8382 7557 5717 2802 6741 4845 2951
10 7911 7553 9514 9068 5465 3877 6513 508 9124 4192
10 1447 5358 533 1346 6523 9950 6033 1946 4498 1149
9 4637 1635 7657 6101 9617 2159 3382 6095 1312
9 8587 9412 6412 9466 1729 6638 1508 158 3591
6 7716 9579 3847 6733 312 8523
8 6457 5517 7464 2769 9844 517 5247 3264
8 6321 1879 4979 8410 7578 1759 3336 5775
8 6724 5332 3119 1211 7627 684 4240 4732
9 4437 4349 6048 4677 8667 2281 2778 1073 327
6 61 400 2718 1 4229 2612
5 2176 3774 2473 9197 9971
6 3371 9401 2135 4017 908 4868
9 5510 7249 4914 8791 2537 8916 2222 7144 3478
8 3103 6912 4249 9180 7849 7142 129 9454
9 273 8351 4020 772 5881 4957 1179 5450 7748
10 19 2788 6069 823 8629 9779 2688 2562 1517 73
10 6913 6547 8310 9720 2393 4947 4299 2400 755 8543
11 8342 3024 6822 1557 3477 4869 7636 7726 5085 3192 7252
3 7346 7916 4796
8 9691 4848 32 1912 6662 816 940 2155
5 3025 8967 1582 4061 1341
8 6735 7373 5576 141 5120 1499 4997 1614
6 7804 9366 6043 2546 5203 1758
9 5227 4761 8167 1257 9981 5032 7695 637 7288
10 6916 3168 8448 9134 8506 3073 244 8289 2733 6229
11 961 2531 6296 4733 5899 6749 2332 3842 1463 111 2564
9 8557 7975 854 6399 2270 250 2364 3676 2936
9 5402 7585 211 2261 1693 332 2918 3062 3702
5 7104 1995 9314 1105 8330
8 3410 6304 1200 187 2907 2000 6777 1626
9 117 6875 565 775 1222 2250 2033 6511 1706
6 2166 200 5440 1311 1102 4317
10 3005 1830 423 4078 8973 4441 8912 3960 420 231
8 8758 8637 7434 8028 9070 5080 5732 8718
10 610 8699 3200 376 550 2390 1275 8660 6428 2342
7 8736 4467 3181 7645 8909 5572 9389
9 7993 5721 6141 8023 8502 6357 3320 6145 8008
9 6228 627 4225 6402 2108 3885 1561 8975 257
10 1269 7314 483 1491 5996 6367 7090 9689 8765 8797
7 3147 7366 8869 8951 3136 9356 9269
8 1593 6410 3972 4895 9054 800 2317 8735
9 2123 6265 378 7687 2900 3124 1985 3100 8517
7 9996 5205 3445 6541 209 8819 2747
7 8406 6053 1206 872 5342 5419 5273
9 6695 3739 9364 846 239 1098 359 1712 1056
9 4307 7357 5282 4659 6316 9319 3135 9519 8070
7 3197 271 2015 6793 5255 7806 796
4 2507 4648 497 5441
9 4984 3603 6831 4767 9487 7418 1382 3529 2814
6 6418 3067 1313 9707 6884 9346
6 2986 9459 9231 4254 4763 9967
9 7141 825 1503 5809 2648 7867 8928 1893 4898
8 1372 2056 7759 4537 477 7507 7786 9049
9 9974 5049 8795 4875 35 1501 3058 6028 1663
8 6239 4494 4807 7876 6442 253 5506 5784
7 8370 3090 2751 4089 6554 8998 3259
8 975 2934 8190 2954 1724 2328 5767 8921
9 1609 3375 2999 4756 2233 7392 4890 5357 7718
9 6189 9965 1240 5426 3773 5548 9594 4272 9792
8 734 2297 8595 6815 4345 7651 9783 8331
7 7230 2783 1146 25 9081 8986 9119
8 328 8803 7692 6280 1981 4012 3074 3684
7 2278 9625 3729 6184 9964 8790 9211
5 6139 8832 306 5891 3897
9 4112 2720 896 7840 2355 686 1162 5397 2666
8 7430 6706 2809 3947 4617 5338 8417 1740
9 2436 6711 2883 799 4291 3328 7488 9656 7611
7 2603 3758 119 2217 245 8272 2212
7 3693 2784 5983 6306 3303 3561 8352
8 9347 4935 9549 9151 4689 4802 6385 1284
9 5856 9805 3398 1407 5698 9400 2708 1616 3369
10 6424 7768 2651 8555 348 4758 9612 6683 8286 653
9 3546 7319 6293 4347 5212 1804 358 866 1379
9 6607 8784 2112 7561 1004 3319 7817 9957 2259
8 8792 7196 3393 3793 5701 5761 4019 8690
10 8787 4693 3840 422 1142 636 7966 2863 6555 4416
6 3294 5887 4704 3167 1655 7061
7 8262 3608 7926 1163 5648 8097 1680
8 3281 1674 9349 6319 3829 4547 9063 3643
10 5086 2538 6206 4090 5300 8693 8297 8145 4769 3402
8 8559 5727 6879 2284 8550 6531 9358 9552
9 8484 4980 1097 1862 6279 4698 9933 1792 9677
8 394 7499 1002 6850 6833 7498 45 6568
3 3647 6378 9287
9 8203 7465 1079 7255 7873 5094 5843 6732 9956
8 6004 6327 5437 4245 2178 5336 236 7059
9 4794 9869 9846 7156 5748 7949 3761 6979 2096
6 3321 8976 4359 2850 8754 1764
9 1512 6003 7956 2327 9022 4044 227 3109 6723
9 4455 3544 7438 4282 5457 782 1405 6781 9184
8 8435 1465 6222 4532 9106 9709 1806 6482
10 519 3555 9306 4507 3468 1637 4685 1781 9223 3028
9 3540 277 5324 7988 2382 1746 9385 1983 1043
10 9670 7677 3821 9325 2641 150 3416 8746 1877 1213
8 489 4910 4717 10 7101 2810 8483 8349
9 5654 9078 169 5970 7558 3751 6108 3357 9351
9 7088 7471 950 6582 8901 3 7532 4610 7722
5 3708 6762 2467 9263 1855
6 7575 6953 4336 5181 6207 8319
10 3692 8104 6922 1565 2787 9433 7389 50 5276 2219
8 5948 6220 2981 881 5366 4915 1025 1456
11 3855 3245 3411 8219 3122 2910 2835 676 1389 8997 6817
7 5387 1267 6742 7477 1564 6983 6753
9 6123 1090 8868 8671 4068 81 4639 6553 3838
9 2316 5615 3616 3051 164 3160 4584 6622 1354
10 1866 6849 3830 8236 6893 6571 6452 7777 1133 7038
7 1803 9362 355 3261 9835 5820 3254
9 4428 9274 5751 553 9065 3307 909 4172 3503
9 9733 2566 3605 3513 9613 6085 9208 4380 2593
9 8489 7685 4601 2260 1873 7210 356 7721 6775
7 206 9925 8108 2268 2229 4956 4142
8 1054 8059 6188 1005 1459 5925 7845 5672
9 8586 3129 7190 147 4224 2351 931 6175 7261
8 3188 8085 4958 6984 3776 4368 3983 8939
8 1869 6076 7234 7843 4989 6937 9590 3914
10 109 6804 6438 159 7628 2799 9299 7082 1890 9334
9 4842 2838 9559 6575 6971 9838 4173 2678 2354
8 6361 2026 6536 6570 9449 3071 5284 2408
7 24 9137 6307 4411 1940 602 6573
9 5716 8588 9042 8956 4300 6800 8668 752 5361
10 8102 3426 9654 300 9595 4703 6308 8689 1278 4251
9 2512 4502 6024 3735 8257 5584 2676 5259 4216
9 3849 5025 986 4653 9192 1033 8649 1036 8740
9 4346 8086 57 8708 8713 951 6292 6628 1990
10 5598 7186 2881 4171 175 2167 9548 4114 3019 1662
10 6160 1984 513 8128 2275 1676 7028 989 5290 132
10 9411 2357 4153 7710 7548 7203 9651 1737 314 6010
9 8675 6851 7355 7149 6940 2932 5249 4731 3274
9 8158 5089 856 2292 1232 2665 9728 4551 7410
6 3358 2368 2398 3116 2088 6585
7 1228 3976 6645 934 2171 9444 2528
8 3564 3891 3381 305 9902 7963 75 1293
10 2941 8458 41 5719 3675 1644 8094 130 2095 4752
9 3208 3068 4028 7861 2657 2942 9975 7734 756
7 1363 8112 5868 4147 862 3296 6795
9 9806 5601 6639 523 4331 6042 5484 9551 2197
4 4661 7243 853 4887
5 1530 656 8306 9569 7937
8 375 3148 3362 5417 529 7737 3194 4442
8 6786 6338 8996 7929 716 544 1231 1141
9 9626 6502 4194 4973 2184 935 1325 5772 3850
10 2520 6718 3112 6902 2377 3451 7637 6906 3641 6271
8 4233 3786 6244 9485 6512 2947 558 31
9 3170 417 1845 4327 4200 6263 8459 5229 781
10 2828 6740 1908 156 5359 6029 8359 3674 5752 6603
9 5406 5295 1215 2797 3482 3038 7531 8757 78
7 7347 9160 1123 3007 8531 429 1467
9 1170 4511 1111 6098 9421 442 6679 5058 8321
9 8055 6430 9199 8346 498 7248 5129 7981 9198
6 8302 1986 1627 7787 6633 9377
11 2559 1773 502 3047 1589 741 8814 1145 7893 5195 5814
8 8184 4206 374 5262 4587 8011 3995 9555
9 892 3541 1349 4969 993 9469 4016 4797 3059
9 7116 956 8614 4260 4843 7802 6075 6830 2876
5 2742 208 4021 3651 2758
6 4536 8449 7442 7494 9563 1817
7 8728 4048 1949 9871 9357 8026 8398
9 1794 3632 4450 8434 2482 1235 2387 4674 2821
5 3030 8088 9609 5418 2287
10 4056 2536 4228 3435 9303 2622 6643 1684 9470 1720
10 7612 4706 7572 4034 6746 4832 3213 6658 2985 4350
8 726 9202 9561 4666 7501 9593 3876 9791
7 3655 284 7092 7048 1067 4476 2221
8 2869 6199 6202 9071 3394 2315 8481 8253
8 3578 1799 6842 5583 5511 8474 8920 1212
4 1625 7690 921 4011
9 7406 4657 5766 342 3845 7414 9655 4745 8612
8 4815 6119 8664 4781 1248 2712 4169 8714
9 4421 511 2695 7900 7384 3406 509 6334 143
8 3816 8856 8585 2972 4250 6712 7225 525
9 9503 5955 380 2930 7266 5023 7339 6204 7600
8 7884 4355 9696 5803 2558 3815 2872 7460
7 7020 2511 753 9483 451 5318 3125
7 7428 7554 1319 6709 7775 5917 4165
8 5381 3557 8191 4481 4645 5914 9764 5454
9 5189 5516 8367 5783 4866 561 8248 6443 7831
8 1323 3176 3958 3373 1884 6463 5883 8087
9 9090 210 8445 3050 3009 7474 3079 6088 3985
8 4836 9265 1046 2444 6737 7523 6948 1636
4 8566 9464 7134 4027
7 9166 5771 5234 1376 3536 7100 2090
9 1384 4826 7994 3790 9800 8650 8924 1180 5599
8 9282 9680 7837 9752 7912 4360 5258 5515
8 2963 615 7816 9463 2129 9870 4182 6086
8 1040 7188 8155 9763 7500 99 6318 5230
9 7451 4630 6182 6784 494 4830 6363 3600 5828
9 7114 9087 4713 5934 6426 4489 9907 349 9608
9 3697 4255 1777 3770 560 1902 5168 6914 8959
7 9207 166 8378 7613 5257 2136 5618
9 6485 2293 2973 9138 1721 9722 217 5740 7300
10 1735 3409 6942 3036 4328 8816 4992 7658 9371 2055
9 3196 2711 1386 9035 5263 5305 8170 8240 8971
7 3585 9345 4528 3330 5667 8305 8216
9 9291 8157 4115 8694 2140 7757 5452 5164 323
8 7129 9890 830 2107 55 8601 8064 1129
7 8425 1835 1160 2717 7139 5349 7959
8 7040 2036 1422 6966 2899 4920 1675 2218
7 381 92 4863 6674 2852 2871 6177
6 69 9819 3146 4644 7295 441
7 4475 9538 6618 4113 7958 2092 8000
10 2912 9820 1100 8955 1494 7323 5838 2124 6092 7577
7 9011 4724 9679 9046 4629 3864 4844
6 6965 5480 7671 373 5869 7597
7 6186 629 2412 9699 9149 7409 465
10 8962 7889 655 9610 6805 7574 5541 2306 4161 3558
4 4143 5686 2480 6377
8 1843 5713 8782 2782 9237 335 2458 4140
7 3066 1863 5782 1030 3299 4051 416
5 8786 8681 7191 2207 5903
9 4855 8462 5477 7263 8187 7829 4107 8815 1788
9 4882 9744 6133 5712 9191 5534 7495 2083 8622
9 5218 5507 7174 3531 7941 2596 1959 8619 2337
6 4207 3414 7693 7075 3903 5666
8 419 6903 9992 3663 9150 7689 9683 9533
5 2313 9255 1550 8118 476
9 9316 9450 1620 4302 5464 1810 7159 4707 7744
10 6843 8338 6026 5853 5535 5879 9425 7887 6599 9210
9 7864 8653 6698 76 2515 4651 2789 7896 1619
4 4208 7041 444 3760
8 5060 718 942 4031 338 516 7895 1400
9 3276 9289 2110 4485 8970 34 8052 1148 4759
8 8290 9947 102 5861 2829 847 3392 7068
5 7709 95 5091 6644 5376
11 4873 212 4525 7457 1723 1834 5027 8366 6055 7540 60
8 9926 992 462 8945 9795 6336 9529 8043
8 3795 5678 1997 3104 7098 2466 3677 5778
7 9511 100 4615 6771 9460 5288 1488
8 499 6672 7245 8932 1761 5641 9961 9794
9 1010 6216 1968 3721 7920 5958 2350 2194 7154
8 435 2577 2072 3859 7860 490 491 7888
9 439 2385 9156 6455 6601 2732 8871 1044 9069
5 4410 633 6634 8953 1880
7 5920 4205 3430 1031 8679 1486 3098
9 7704 1527 1430 9370 4664 6563 7674 3165 8863
8 554 3029 8529 6484 5954 5194 3519 2454
9 2006 2686 3779 7493 3772 6824 4340 2943 1576
8 3138 5602 9037 802 7415 1502 3680 362
8 6329 3057 7445 5237 6066 7711 2503 5051
8 7877 1406 8979 8412 9526 5998 4264 4588
8 1227 873 4940 8609 5502 6034 6611 9573
9 1784 6924 6409 5967 5213 9283 874 2619 1623
10 3239 2305 5287 6012 7882 8212 521 2700 9521 1643
8 1135 7778 2323 9407 9602 4609 2895 4922
9 4959 3420 4139 9623 6799 7551 9598 4126 4916
10 1605 2426 8747 8686 5369 9297 963 5487 5413 1472
6 1883 1970 7019 3453 9508 7990
8 8213 8040 8379 6208 6462 3930 7492 7978
8 8274 3833 7207 4104 2702 6636 2767 1157
9 9495 8464 9761 6198 4014 9247 8208 6837 4241
8 957 842 5746 9477 2240 3230 2987 3809
9 3311 1326 2585 3807 7208 399 2884 2101 5644
6 2605 4520 2209 9234 6945 1333
9 8323 2992 761 3622 354 3232 6097 9797 7700
8 8328 6340 2673 507 1431 8418 2545 6522
8 3990 4913 6173 6450 578 2588 5170 4324
8 9109 3732 3133 6871 4159 6776 5871 675
7 3579 3325 9505 5405 5537 9634 1427
8 1630 6537 7448 1553 3999 3209 4149 2922
6 7948 9798 8144 3011 5215 7371
7 9685 6647 1433 1534 7510 7970 8141
11 4586 4387 172 6809 2453 2402 3905 5627 1401 3854 6500
9 5034 5554 1864 6248 6584 6540 8344 1295 8802
8 4088 3270 713 6120 1224 3913 6543 6388
7 372 241 3530 1186 1457 4382 8404
8 3596 617 3203 9735 8413 3177 574 437
9 9452 9557 4544 9031 1774 2498 2406 5346 8625
9 3384 2904 3542 9133 7117 6059 5228 7545 7131
8 6877 266 4593 9817 7691 1996 1068 8130
7 5711 6630 3205 6873 8504 9998 8808
7 5245 5285 5371 6980 9062 4081 3716
8 2181 3190 8194 2272 5708 6929 333 1699
9 4109 5409 1480 5663 3222 8018 5236 4180 2363
7 1113 1529 7250 5715 8627 2028 8508
7 9402 7846 4585 8075 364 8364 2163
8 7398 6652 9564 1369 280 126 9500 8626
8 3105 6237 6689 8072 9482 151 228 6046
8 3875 2245 2706 6121 4125 8958 2193 3265
9 3334 7246 6393 2967 7278 1686 3215 9605 9241
5 6058 9737 3291 4052 3248
6 583 6836 2781 8652 3615 7506
7 7379 5064 7808 5959 2489 139 8666
7 7097 7595 6562 2291 2834 547 8658
8 6473 6526 7609 5250 8645 8697 5643 5923
6 9702 704 310 3926 5893 9250
8 1601 9127 9226 3370 2246 1071 8186 5900
8 8892 5012 4063 7456 3748 9242 7583 1713
9 4788 4673 1745 8840 1245 1352 2570 2616 9773
2 3202 7376
9 2738 8309 2464 3669 8485 120 9762 5750 7053
8 1221 6476 1220 2601 3574 9416 2422 9168
7 9104 9429 1944 2383 214 9047 5812
8 2681 9497 1725 6729 4119 6736 4508 2683
6 2143 1023 7113 4527 2391 1395
8 849 7162 9182 5626 8228 5053 6968 901
6 922 3418 7915 3403 5006 1998
8 493 1500 9002 6587 1955 6727 5580 6007
8 9845 5241 5539 8876 6116 8969 4864 3020
8 8198 9842 4792 4709 4764 7796 3551 2993
10 29 6767 902 1910 4223 3044 8093 9368 5759 9808
10 9473 248 2639 2661 9262 293 1911 1832 3423 5111
9 9406 9144 7364 7224 461 4686 1519 5781 2411
7 7512 9286 9394 1381 7359 7832 9736
8 2020 8882 4247 6677 9784 1409 1411 4961
10 6663 5808 5636 91 8631 2366 2979 7072 5526 8076
8 8698 8940 8176 5304 9264 5106 2630 1216
10 2008 9830 6739 64 7380 8821 2506 3878 3670 2586
7 6649 6745 9044 7071 7547 6140 1156
8 8902 6305 9731 7525 2682 5496 1268 5474
8 1833 4352 5799 7686 9179 4603 3683 1682
8 3966 9546 138 2324 1889 9426 9468 5148
7 730 9751 8520 876 9882 4065 1594
2 1208 9954
8 661 2919 1994 3366 5040 9686 1187 3804
6 1755 7535 599 7122 3286 4783
9 3249 9743 1109 6956 8615 2401 334 6070 1822
7 7211 7901 8444 409 5619 4533 5573
6 5377 4643 8801 9481 5307 1545
7 1697 146 2551 4705 1891 8394 5918
10 1414 9128 4376 7135 4867 5486 4330 8899 3280 5037
