32 9670 2600 3832 596 4122 271 8586 9219 294 1133 1917 5969 4500 7135 1023 5611 8814 5581 2251 4258 5081 4609 7762 1850 1949 8136 7895 5184 3196 2448 655 7722
36 6599 9191 6424 3039 4397 6687 1614 9273 2212 4788 7299 6167 5301 3774 8677 7000 1929 7853 5546 1391 5331 5393 7083 3077 7425 5025 5358 7480 8940 9285 9064 1369 5970 4556 819 5255
28 1434 6781 8502 8364 6610 528 2 2755 813 1203 5506 5856 2943 301 2382 7663 9002 4112 3567 650 3378 1591 6089 7342 6251 5344 5859 1298
30 1179 5371 9696 1942 839 8227 4535 1398 6444 4175 8791 6652 1306 5822 3506 1163 1321 7112 3896 8373 6106 6863 2490 5745 6118 399 7223 2099 5551 7907
36 8033 3016 175 691 4543 8434 8513 4239 3612 5680 7249 8500 1865 4642 8840 465 4774 2502 3136 6337 1353 4549 9070 8921 9386 6107 5576 8157 5445 5091 8535 9208 8987 4841 3106 7460
30 333 3117 9151 286 1712 3044 3763 6790 7723 2279 4282 6286 6979 4831 7610 8144 5108 58 2527 4955 1973 4719 5267 2958 1031 7711 3717 3779 9829 5635
30 820 7136 4114 1807 450 9930 2756 9268 7436 1340 2654 9970 2760 4564 1935 4098 5820 1453 3639 6120 1748 5929 5656 293 6517 5180 5764 77 9971 2565
31 9058 6440 2150 929 5008 7394 4917 3410 2138 8834 6866 7927 437 2552 6364 3507 8558 3464 9716 938 2333 8496 3933 2190 4705 2964 2093 638 6012 5280 9161
28 719 9738 6056 9246 8835 2777 4802 1429 2236 8176 7777 4889 1971 8330 8878 123 6182 4177 5775 3602 5986 9901 2366 423 3374 8197 1446 8037
29 2038 3448 2234 4236 850 3733 5522 216 2687 3984 5183 7374 9526 353 7701 8901 8578 1606 5602 853 7686 9479 3627 2437 3163 9253 8002 3918 1793
26 2603 3440 8450 6791 4660 2140 1448 4636 4948 7605 2774 6225 9593 2539 7493 2151 2312 6725 3466 9271 1513 897 7658 2812 1181 6216
35 2995 9145 7609 476 1437 5475 5134 9966 6237 4739 1760 9407 5177 1411 685 550 3481 2651 9029 2495 7300 8775 4448 3271 2821 1033 7314 5920 8021 5221 6495 3962 1540 8180 6405
30 2446 4172 4801 1824 3533 915 2005 3696 8966 2992 6099 106 8627 5661 1091 6908 861 5056 1710 1075 4781 315 9374 5380 1930 1270 8240 4767 9941 9346
32 2870 3883 9581 493 8851 8503 3698 4718 5744 5351 9350 9425 2318 9153 2260 2092 6728 3920 6530 8972 4453 5463 8 6373 867 2199 735 6943 2105 3668 6271 1911
33 2822 6042 962 2163 2772 5771 5209 1139 6363 7295 4123 785 3731 4015 2541 8235 4679 9815 1880 4002 198 3753 4610 3960 9846 1476 6700 146 2553 6139 5996 6325 4866
32 6430 6340 7545 4878 6729 7496 9699 3126 3405 9238 1707 4545 6472 7336 6098 9501 2759 5804 9810 8614 2299 3473 3282 9086 7501 6911 5009 5615 8880 8228 8096 9914
34 8725 9351 1833 3833 9584 4937 9079 2914 6681 9537 4307 7347 5390 1792 8159 2020 2833 639 8168 6653 4893 8587 549 1090 6243 8275 8032 2627 501 5845 7841 4111 277 9204
31 7277 3236 3516 8415 5794 7244 3283 964 420 5508 3286 7554 8231 5427 628 2800 7033 958 7438 3945 3809 5684 8102 4848 1297 5538 1237 5870 3931 2678 3143
28 2849 7418 8607 1271 1140 874 2003 7742 7381 6643 2892 6515 6893 7355 7443 1847 4598 1719 9588 4059 2425 7506 2503 6209 1997 5795 2143 6947
30 8141 7678 5955 8386 8592 8875 9115 2126 996 7111 7105 3364 4952 189 8007 8871 1783 2432 583 1940 6144 5339 6801 3498 7868 4584 2862 1105 1550 1268
31 681 4078 8644 3929 5973 7331 7026 2966 4030 5353 6994 2064 5277 9976 8573 5411 6665 7792 8759 9066 3184 3728 5165 757 7897 8527 3239 6660 2501 3826 845
33 6428 3875 7427 3183 4967 5136 1704 7552 8841 7992 1283 4514 320 4377 4263 8668 911 5441 4551 1636 6166 8276 500 6401 433 3712 3493 5110 2275 3457 8589 1954 582
38 9413 3249 4796 8170 34 3264 4455 3623 593 1093 8410 5170 1759 9231 1256 6914 7188 5347 5063 7620 4424 6726 5541 9776 1366 2073 469 6316 1731 8043 2691 4291 2088 368 5712 6235 8167 4747
30 5835 1808 6897 7643 5129 7890 3412 3267 2918 402 1932 2674 5312 6230 2735 1948 7001 6895 9387 7635 4330 3789 4013 6593 4367 5882 6203 4268 7555 4087
34 156 9832 6933 2090 5608 5197 5675 1835 2570 8193 1373 8746 5296 6186 323 8358 5304 6085 6352 6892 5114 5026 7836 7093 9518 4711 4225 6066 3081 8533 717 6159 2623 6575
33 6130 7318 7901 7382 6214 6959 2858 9804 4966 9967 4903 8111 789 6693 709 2235 9455 4157 3463 4109 8210 3056 5060 8444 7255 7092 2376 2491 5261 2819 205 5736 9650
26 6507 5455 42 5908 9797 7109 1390 2394 8417 2748 7955 4140 7195 6228 5373 4488 1781 4742 7051 6349 1953 8818 1939 2189 4171 4131
33 4523 187 1711 687 3471 3598 2815 919 1300 1160 5163 7163 363 5121 1688 1215 8106 8015 4199 2369 1469 3319 9144 1729 3874 2089 7987 3688 8567 7804 2985 5473 3531
31 9189 1959 6261 4338 4169 1909 4909 5797 610 848 9889 5904 1228 1402 1698 7388 7682 3674 3814 1906 7823 1910 9639 2079 754 3369 4936 6762 953 2406 6804
35 9392 1572 1408 6796 8903 3385 4560 3036 4304 9622 2794 4562 4931 881 1389 3795 412 6345 9876 3605 6170 8028 5778 8086 6458 4920 1481 9450 5629 6201 4228 8516 7214 2814 9410
29 7426 7833 3042 5334 8083 5460 5229 4795 4273 1541 9619 9842 4921 564 1070 1571 6396 5464 7141 6803 5979 1362 1372 5599 9788 4695 3468 6537 8465
32 306 3511 8468 7015 5127 5349 5020 6580 9055 8442 662 4575 5502 8253 258 1405 6684 2615 234 1511 8758 4648 646 4861 7826 1026 6886 1514 1877 2885 5734 8932
28 586 9321 2758 4057 4773 665 1855 605 4673 5302 6707 6814 1490 6026 3616 6946 7040 6958 6023 8930 7145 543 4336 5711 5257 6264 8194 9604
26 3387 7995 5041 9933 6445 2218 73 8754 9059 4004 7423 6460 799 4277 1173 5531 244 3550 7530 9503 6569 6002 2516 7852 5930 2582
30 295 1466 482 4766 9441 89 8890 2746 3949 8478 2961 2601 1248 8245 4547 4081 8489 7622 4043 536 9017 3564 8069 5172 8955 651 6932 4699 4690 4275
33 1785 8724 5325 9787 6155 6504 2912 2106 6522 4145 358 400 3791 5699 8734 292 8035 683 693 8999 9046 8800 8662 7547 7454 10 7666 1716 547 6074 9866 5033 2149
27 6975 3153 7235 9695 2963 2049 2762 530 7614 9952 5289 4132 7150 914 8333 2975 1806 1072 5011 6 6920 2170 2881 3957 6390 4789 2980
30 9159 5604 9243 9336 8969 1860 1758 8277 7667 6551 7317 5496 2320 2802 9332 2389 7247 9400 8034 7064 8674 4245 5143 4426 6981 5686 8515 8100 120 2388
28 526 9141 3911 276 9175 8074 3391 2358 3821 6097 4040 3035 1214 5766 1103 3747 6353 5573 8491 2602 5563 2461 6636 2065 7856 2487 5007 7820
32 7138 2851 9215 8896 8523 417 3149 9884 4386 721 4639 3195 4341 1096 642 7007 6701 8713 299 5419 9239 9137 8809 7101 6317 9124 5196 9001 8061 7294 9431 4678
33 327 6885 5147 7343 2813 9702 7986 9678 7016 6369 9854 9056 7091 4873 4986 4161 5072 6841 8175 8497 5825 8684 631 7067 7627 1699 351 4287 616 6029 3305 3422 7641
28 102 5634 1925 4433 5865 9755 9627 4394 3420 6538 689 8794 8296 1721 1392 1848 2029 1087 9432 4569 6774 4416 8749 2385 2716 4256 9558 2436
30 1717 7851 7297 7216 9075 9019 5333 5868 3118 2531 2950 6385 3637 3819 2354 782 7882 9011 7248 3085 8016 2676 963 9582 730 5729 2291 6639 697 960
30 7653 5260 4949 27 4794 5206 9515 5857 4828 4724 1549 886 8611 6174 4578 8148 9852 4847 478 3244 7041 7 3624 821 195 8244 7089 8539 7655 7471
32 4935 8085 4805 4951 3867 1554 9484 1787 8933 7392 2937 4641 7268 5412 3817 1796 777 1498 2077 3927 8029 355 1116 3140 5888 3483 5665 3859 641 9452 2634 9837
31 3155 2098 1125 1040 429 3268 2343 678 1414 4472 2846 135 8215 5533 6310 6115 9081 48 2043 3327 9783 148 4508 8405 3307 1869 4008 9517 439 7608 8805
37 4052 5552 8961 7494 1113 7458 8745 7519 7180 7412 3100 2919 9921 7802 1045 2946 8137 8254 9712 3213 9553 9174 1741 6394 1335 1814 1086 6659 3141 6408 1937 1943 9828 1464 282 1503 2155
28 9180 3660 3704 6597 1956 2836 2482 2384 9937 5318 5683 6395 2176 6287 9780 6486 3344 112 3068 8271 7168 6383 1617 6592 5932 808 2751 5374
29 9925 1817 6319 7448 1976 1250 9223 8441 7142 4929 7522 3515 778 8248 5840 157 492 9103 8495 6777 4007 1107 5381 7019 3727 6169 4890 6320 7417
31 9822 602 625 1831 810 6890 9033 8584 7359 7847 3379 9127 6976 8989 3382 965 4845 4693 9653 7646 1157 6158 284 8179 2282 2559 2779 9152 8898 6441 647
31 2584 7584 3145 3190 2442 9304 3259 3707 9909 8506 5401 2629 9529 741 4906 3121 1029 1308 4340 4094 2700 7819 7469 6858 9924 6761 1361 4518 5618 2134 7348
35 2717 8946 2550 5503 7402 4717 3735 1890 6922 745 0 6764 1089 1218 8260 9983 5249 2017 4603 4167 7378 5038 5655 3600 8473 7565 1979 8010 3542 1287 843 1079 7422 3876 9418
31 577 8090 8653 9361 2418 9224 3764 1095 4597 3513 2538 8944 6138 2040 3685 5720 6418 5943 6518 9587 9922 6034 1922 2356 6420 6579 2926 2498 2306 5029 7796
28 4891 2635 601 9887 7946 3260 1809 3396 9752 35 5739 3608 636 2004 1552 2475 3571 7848 1684 5893 3509 1501 6713 4592 1697 1106 2791 7368
31 8849 4661 5673 5049 4754 4068 5669 6748 5082 2058 4486 7751 1420 1676 5440 3955 5909 382 8908 3004 6712 5321 3221 6241 3257 4907 7411 6013 5466 7968 8268
29 5919 8103 6257 2795 144 8936 2352 8970 3297 8182 4792 4153 7288 5379 6462 1828 4738 8119 8056 5335 6568 9834 3726 5709 4593 6339 9705 4384 1875
37 6808 724 688 3775 3656 9408 5207 931 6379 1131 8897 4315 6436 4577 6697 997 8455 6010 4294 5833 1137 2231 7273 2684 370 3732 4285 4780 1529 8192 2095 4615 7386 8776 9438 870 1363
30 4141 7080 6812 4751 3322 9382 8992 939 8581 6523 392 5647 7906 4823 916 5848 7290 6100 5971 3047 1495 490 6270 6694 6926 3910 3588 3328 3522 1484
26 1141 8709 5383 5721 8885 9640 7974 9235 4444 5100 5429 2120 3488 8038 8223 7795 2200 5389 5328 6465 6076 5650 6397 7008 5021 6898
33 1769 2734 2381 5939 7031 9227 4957 3744 8924 6616 36 3770 6740 3989 199 1867 8538 8020 7962 5001 398 1338 8331 2023 7034 9061 7197 1527 4995 5032 2959 9444 4965
31 45 6229 9054 6347 6857 6482 130 432 2747 6753 93 9648 2061 5068 8760 4533 9222 6757 153 9598 414 5841 7333 2696 4755 8252 1112 2778 8953 9358 5681
34 4768 6096 7186 6062 6003 9039 3671 6868 908 9943 4874 8004 51 9720 4818 7949 6298 3585 1054 4737 9169 5385 9480 1757 5283 5363 4620 9198 4319 7618 7738 5216 8879 722
31 9111 3902 2921 4989 554 5537 667 3950 3620 703 7988 3158 8391 5963 8691 3368 8610 7200 4438 2420 136 8173 1827 1110 8852 2978 1947 6637 5543 2895 2936
26 8057 2223 6668 6425 4214 2555 3610 6747 5570 1039 3434 5905 3449 4343 213 3193 4404 6064 1355 5892 9449 8308 4380 8774 4539 1289
30 7849 3256 6198 7251 8980 2573 4050 3716 738 941 6752 8793 1564 3548 4092 3415 8142 2741 5565 8155 6307 6894 1534 8104 7440 1279 9041 5667 2594 8470
32 6423 8544 9038 9743 9131 4219 8699 4629 6485 9229 8211 8131 6238 3981 8436 5067 169 4328 7626 744 8537 6140 8380 5961 8065 6848 5225 9003 2380 7533 8670 63
26 1999 8551 4260 352 9868 8781 7636 7232 7715 163 572 8322 7097 7950 7939 3456 6388 4090 866 2540 2951 1013 9676 1733 1987 8922
35 3922 2156 9443 1746 1924 3519 1644 8663 8375 3854 8673 1897 8652 4168 1988 2076 5974 1952 2645 1530 2006 3102 6146 471 5043 6232 2750 1722 5004 6281 4993 6293 181 8272 8548
32 1579 7735 7855 3991 7475 9384 7957 2053 5348 6007 1302 2207 8013 7767 3055 8507 9043 4743 6772 1416 7155 8336 9796 4618 3093 3270 9331 5120 37 9074 6490 3173
33 9168 5959 4349 4807 2876 9128 2506 7430 489 9803 9892 3882 987 2595 3078 6224 76 1968 4128 4855 4149 9999 3773 945 765 7857 7074 2250 6717 7518 3168 7315 6065
28 8099 2440 7539 7115 5031 3932 7144 4093 7526 117 1310 9690 972 3553 5808 5443 1272 2292 2259 4928 2002 8474 5173 7281 8782 5050 6279 419
27 8858 4804 4830 9662 3361 8733 5086 4192 841 4031 8413 3416 8512 1142 4883 1736 381 7570 7814 8163 3977 752 7289 6011 1629 7854 4594
27 7914 835 1062 2152 5938 5483 4200 8726 2450 5639 8486 5879 1754 8899 4179 805 2617 1832 8599 8367 9316 1155 9433 824 6830 7911 2103
30 2805 8561 2368 9861 389 4006 9559 6995 6767 7158 9955 4950 1821 3724 8700 7651 3794 5488 8476 9326 7803 6334 9345 8524 2347 4000 5158 9987 7997 4977
28 3831 7828 377 8406 9913 7481 2965 6016 1593 6309 1944 5074 4958 5059 6862 7919 5230 3963 7385 2625 3372 2515 4073 8622 5536 7478 5591 2254
31 4960 8595 6613 4797 8134 6407 4248 3326 7296 3604 2513 7863 8437 2148 237 5993 3377 2753 2108 2445 4868 8817 9656 6855 5792 4362 3948 5582 5685 8402 4978
28 9106 9340 8128 4392 8399 2228 6869 6874 8541 7462 9482 8350 609 278 3939 8707 2639 2216 8113 3023 8323 8306 7477 882 8959 2587 9799 973
29 13 9742 3076 1734 5668 53 1151 1127 8874 6711 8894 9300 1879 522 4120 9630 5806 535 8161 7821 6126 1857 5359 1682 7705 4682 7850 4419 1154
33 5046 3384 4066 5889 5113 2042 2906 6113 4084 5051 5022 7441 6162 2083 2230 8222 6187 376 1057 6759 2941 7098 2081 3924 9259 8811 2537 2749 8891 637 6737 3913 9932
32 1587 804 5266 551 3064 3009 2519 2838 6437 8036 1064 615 5064 9247 6882 3974 9334 2970 7081 7932 9534 8525 364 6108 7306 9524 8981 7930 3664 6842 9969 4188
29 5832 4107 9248 9522 9785 404 2166 7679 4076 5167 5157 6919 9327 5382 2647 2408 5417 9355 8982 4103 1213 8107 9749 7420 1251 3397 7647 4237 4461
25 2672 6330 9692 2332 7638 3855 1505 4152 1592 7866 6160 790 1352 1413 4614 8139 3891 1845 7372 6070 5243 7128 3352 891 3956
33 8097 8854 3104 7096 2785 6635 7384 2253 1241 6657 5201 9362 2097 9007 8591 6483 1517 613 1240 8233 992 6004 4154 9649 2317 2162 8985 6782 1580 8081 3197 7926 9697
34 3363 1788 159 2241 6970 8003 1124 8957 4722 2313 6312 6675 6795 9420 6705 1908 3543 2743 5220 7656 6924 6724 361 9929 3485 6645 2764 3309 2072 714 3946 8682 3285 2518
35 4322 9053 7320 1186 8049 2430 8714 7719 4069 6902 4809 2917 2722 6860 4665 6672 5834 8337 5219 6448 5956 8319 6050 1426 9125 9369 8079 7714 7746 9710 4580 556 7966 4940 4916
26 1641 2202 9037 5156 1608 4784 2608 4387 2689 1837 4430 6915 4492 7217 1190 1582 8806 9108 4733 9863 6028 8290 7424 7908 9770 6479
28 4467 8220 3240 474 1035 1556 4896 2221 6500 499 2983 5975 1516 6210 5791 3095 2546 5758 3662 2653 9528 8984 1463 4968 3655 7435 5960 4526
32 8598 1965 7132 5336 9992 6475 4099 5456 3266 4530 2868 5315 8588 3069 7876 5096 9821 5869 5817 9381 917 8129 2327 325 9083 8208 770 6289 9022 8555 7542 4600
29 9371 2139 6683 1751 9130 1197 2346 3619 9533 8076 9851 8483 2955 4032 9280 6670 2372 8295 5242 2070 1480 3969 162 3002 6899 1449 2737 2925 3082
29 4189 5645 7337 2586 7698 6983 5598 1239 62 8572 6295 4247 925 4292 3743 1319 8605 1856 1927 9567 5415 2580 7434 5753 1281 8376 8895 6598 496
29 6950 6021 3632 1805 2169 7721 8609 3711 6572 1158 9502 2923 5689 5265 95 5409 7673 1743 2598 4024 6560 9342 4407 9542 3734 7697 2809 4184 4361
28 3233 2517 314 5528 3811 8701 6746 4356 7024 1693 7472 161 4101 5000 6082 918 5095 1496 6302 4865 5977 591 4932 6548 2398 6356 9869 447
28 2993 1187 4904 6664 5181 2677 6341 3480 3341 3532 7484 3431 5018 4423 7953 6742 5485 3869 6400 5179 3357 9210 6583 25 9025 2444 6542 4901
29 9488 2830 3247 1247 5886 7042 3762 4144 684 9467 1258 4370 9375 2928 1244 7312 337 7271 7881 5399 9195 7113 4296 3135 8845 415 1928 9481 7364
30 9888 9872 3720 3628 4994 6992 7922 9816 5224 308 5176 2281 5425 5768 5852 1147 7696 6591 2387 3499 1763 4837 5616 4563 2934 5300 732 4297 9900 9555
36 4065 5588 4447 5149 1491 5247 8829 338 9719 3346 6990 3439 3192 1679 4130 84 2355 4601 4779 2032 2979 4656 4035 6736 6949 4668 885 4624 1841 9032 4571 509 8830 7470 3808 9154
29 6570 671 1030 5595 1842 40 7707 9751 1612 9665 7944 9182 7671 1980 5793 6674 831 9177 8217 2726 7211 7594 4485 6661 9572 2667 1798 796 7194
32 9049 94 9538 1816 9236 3323 9761 8266 435 9457 7629 8477 2720 133 1642 7700 335 5627 4911 7634 1984 6165 2471 783 661 3045 7094 5559 5432 1559 6587 5486
28 3423 9284 5756 1531 8717 6459 4677 3091 2853 6218 1555 1360 6586 9249 1797 7344 9264 3754 9162 5203 1455 4121 6534 7280 6308 6008 2481 4881
30 4852 8453 4494 7793 5966 6928 7575 3836 2154 6112 9583 739 5568 1097 2761 6426 8550 3409 2593 9156 9706 9823 5111 329 3230 7461 1337 2345 3901 1921
29 746 4469 2765 5740 4091 9891 4622 4393 1012 3887 1692 1861 1172 6253 7844 1830 7763 2485 1156 4441 3200 4463 5099 4108 4984 4820 8916 6496 7885
31 934 9814 2922 9257 5751 5128 3954 2768 6793 3234 9910 1395 3834 3094 4045 3446 4276 7307 3641 8414 7832 7160 2787 6467 4505 9865 47 166 2969 7049 9478
30 558 7781 5876 6888 7014 6973 2186 5883 5166 6393 720 3194 3631 7830 855 8422 669 4434 618 1619 4982 8664 6342 2612 6086 634 5430 2267 9556 4331
35 3187 7229 5388 553 1862 968 9095 5416 7878 8264 7993 4864 7815 3484 8665 5024 895 8362 7758 9047 8196 6476 7262 4499 1334 7224 2284 4039 6907 7508 1881 1655 764 6173 6090
25 5062 9858 8440 5564 4151 229 6817 383 943 7122 4290 2825 109 1314 6072 6119 9525 6387 342 4528 8853 7551 9579 8731 7399
31 9543 9764 7335 6234 6351 3845 6618 2096 7896 2161 5343 2509 7059 7877 9250 4213 5299 9119 5590 8866 7133 9746 2880 8449 7486 374 4884 5747 3697 8640 2288
29 9714 8172 5324 128 6474 6677 6123 3783 7240 902 4885 4241 4064 8815 9228 6721 3180 9325 7737 538 3408 5607 1162 114 1357 9962 3467 6960 4585
33 3590 8372 5837 3258 336 1278 780 5580 6244 3654 2624 5142 718 822 2606 6878 5664 1894 5746 5539 4946 3046 5636 3394 9843 5933 7827 1443 4999 1685 6704 3057 5178
33 4760 8299 8545 7574 9942 6294 2205 7449 1024 9139 6731 7464 9936 6553 5235 3176 1643 8967 9057 6063 673 5187 7433 7070 4770 6525 1077 898 9523 8994 8011 7729 6952
30 660 7179 7918 5195 3350 6313 1042 3225 7755 4900 7401 4262 3315 5352 9278 9694 2428 6338 5652 842 4056 1803 5676 6852 8014 4012 2953 2904 7764 7921
28 3766 5801 3592 8850 1983 6655 9612 1441 2433 2322 7597 1118 1749 8189 989 7265 7909 4164 9465 4498 508 5866 8030 2709 1316 3083 1791 3767
28 9475 2823 1204 3025 8657 5472 4824 1152 5724 3347 1804 4799 5474 9871 394 9367 7557 6930 8534 1611 2453 6054 3337 4859 5140 1071 2668 7690
34 1813 2146 1893 4217 7442 3557 5525 9242 236 8914 7483 9220 1082 8808 3058 6997 4376 7846 1885 4414 7912 180 7476 5078 2035 2575 5589 441 3459 892 4026 7900 9838 3232
27 2452 7642 9957 4390 8080 5237 1325 6177 3847 3272 6300 3683 4652 7824 5124 1920 6601 998 5642 6649 6685 9521 1019 9335 6784 1428 624
31 9282 2698 8730 4765 2350 9076 2701 1969 2710 164 4457 8238 5028 4822 7706 7873 8956 5716 5356 449 3895 5989 8429 3475 4234 7913 1311 4271 9347 6823 265
31 1386 2996 9447 1468 8870 1100 3582 3331 1547 7880 7045 2100 9497 8938 4546 9290 4727 4534 1931 6528 4854 8181 4912 9508 2732 8554 2572 3161 1690 1508 6207
30 5254 1472 2091 8472 108 4327 8324 3953 3703 456 7693 8988 3925 3670 3490 5854 7298 5972 494 6617 5628 6682 864 3178 5872 1978 3308 5844 3436 2451
28 2209 7256 1512 3665 8678 6756 6556 8575 3465 5510 3313 223 5259 9389 8329 604 8158 5357 2662 7780 6608 5088 9569 8556 6633 7805 4605 1766
32 3581 2713 8205 552 9506 5829 5945 2489 8258 7727 8892 9216 2790 8639 7588 4351 1535 1536 9077 1623 7573 7170 6733 8635 3996 8747 2393 1305 9023 3540 7341 2423
34 9014 9328 3496 4060 7569 8481 3005 2239 4716 232 4313 6686 9853 9818 2891 584 2685 5118 6951 7242 4417 7044 9570 6884 3880 4686 4899 1663 7169 9221 396 5092 4897 2901
30 3636 2414 9740 698 7695 5553 1220 1293 8178 9989 1735 8251 7305 1724 9902 1662 6743 9292 7546 461 7003 4846 9226 1755 7665 9101 6972 1727 5915 6051
35 5500 280 2803 6093 7929 7351 4587 6766 8526 9864 4566 8460 1871 6185 5192 7432 1934 6829 1461 5695 2697 6962 4654 7563 6469 3751 7669 4651 1995 2261 6798 2268 2561 9343 7162
30 3491 4077 4501 5112 2048 2569 8381 7405 2303 4388 2055 4687 1182 8855 9311 5947 5727 1886 303 5957 5194 8361 9373 3990 8838 8243 4459 1333 2850 7153
27 3123 1387 5967 477 4400 82 6822 7065 8249 8309 3110 7039 2948 710 7146 270 2888 101 3204 6689 7783 8822 6067 940 8270 4235 4364
30 570 8669 2496 416 4034 6278 9721 3443 1222 3905 8876 8974 5297 7328 8821 9792 1145 418 649 8827 8947 1230 9000 944 9605 1331 1543 3207 2670 1648
31 207 3265 328 2855 1410 4436 2085 1681 2024 8012 5457 1132 7784 9655 9844 643 3096 2695 762 3594 8156 7963 4269 9265 1018 7600 235 4412 2911 3074 85
29 2378 3492 3551 1285 659 304 5726 5303 3170 3215 5055 7082 8824 322 6429 9217 2845 1457 3599 1537 7129 599 7874 8354 1658 8427 9948 1714 6038
28 9890 3209 8152 5069 6092 7020 5066 4001 33 4350 9753 2243 1460 1744 6741 7725 8370 6466 9487 7732 1234 7391 3070 8685 79 8941 9918 5723
32 654 4049 6001 6200 1134 2769 9636 1380 289 6859 3185 2001 7419 1233 1709 8769 7104 5132 2193 9214 3007 6604 2861 1343 5814 4403 9063 894 8305 8105 9643 9212
27 9211 7639 7395 4808 9385 5949 8368 7028 9078 5704 8943 8552 2276 4160 5202 3400 5614 3253 9530 4142 1912 5286 5809 7951 2123 126 7534
34 1048 3756 9288 1364 4944 5310 5251 4867 6816 3114 7369 4465 9149 9548 384 3846 5600 6291 2237 2949 2466 6104 7208 1252 8312 8521 506 50 4979 4608 7164 9904 8918 936
34 666 9360 1896 2793 1148 3992 5990 7488 8679 3429 5045 9979 3131 7404 9365 1905 3786 3525 3576 803 8082 1656 438 2871 8467 1782 9879 18 485 5549 9698 9687 8514 9109
27 152 8394 68 7744 6000 1322 3243 1671 4579 5592 7282 1303 6137 2056 6540 5827 7514 3162 2460 1561 5626 6455 5085 8708 516 8132 9982
31 1826 3452 4503 8356 2578 3757 3292 7201 3335 174 4190 5222 2397 6206 225 2500 1774 2283 7206 8843 8304 3445 2816 2196 2210 1728 2094 3406 5948 1665 8696
26 445 2191 2864 5077 487 4442 4018 8421 2622 5433 9461 4062 8889 9703 4658 2977 3508 9707 5040 8259 9114 4265 2405 3661 2467 7066
30 4764 9446 9498 1339 563 9621 1016 9777 1236 8649 4003 5802 3545 5951 4882 7346 1458 981 4051 7994 1450 9897 7085 8508 8045 7602 5985 497 1891 7903
25 5160 6982 7439 170 8293 8756 8093 4385 7664 7243 8859 6378 1439 6432 6621 2128 2127 2180 206 2336 3998 1022 5621 4771 411
28 8546 275 7984 3460 7309 7648 2860 5520 791 3486 7393 6824 2078 7990 3879 6272 2939 9560 3596 7428 5931 7254 1274 2638 127 3366 2719 7502
30 9435 9594 726 5213 1192 69 1597 5574 2101 5218 1174 4185 6329 1419 4440 6582 2780 8384 8630 5646 6384 2319 5414 7920 8451 1820 4735 7631 8715 9784
32 4611 993 7175 4166 8118 1700 7865 3019 319 8022 4083 431 9883 7387 6213 3730 8886 2704 7102 1088 9471 2974 3012 8676 2856 3848 2264 3547 3985 9349 7654 531
33 7576 5030 9117 4088 3501 1205 2293 7543 8594 7538 7931 1307 620 9689 2325 1618 8371 406 7431 4312 8171 100 7624 8704 9541 1005 4366 5402 5805 5215 696 6561 7774
35 1574 1568 23 6931 4238 5898 1175 9462 4278 2745 311 8377 6535 3908 8325 7466 2050 7928 9372 751 30 2125 5737 5493 3885 5708 5087 748 160 7659 9661 8084 7106 8768 5208
31 3353 4473 9960 9166 8026 3951 7976 5896 2391 1245 6750 3320 4684 4401 1069 6811 5122 1664 2287 2708 52 4399 3089 2641 8888 1497 9667 9099 1295 3059 9138
32 5465 3562 6497 8125 2940 7528 7408 6703 43 380 9798 5070 3228 3199 9060 7556 1221 8667 2910 6336 763 7825 2543 317 632 5560 9713 5526 4643 9404 6301 8311
29 3815 7205 3128 8949 2752 3411 9315 3427 3544 1683 6918 3273 2184 428 6749 5540 6644 1840 4321 3261 8795 3597 7734 4450 2505 7801 1638 5836 6014
26 8407 6543 7421 9632 4186 2664 3997 9044 1622 4519 4428 9233 7276 2837 7615 3971 8720 1901 3617 8881 7339 6771 8928 9330 1990 8909
29 5057 6956 9460 8971 5632 6844 5619 9406 3934 4025 2511 5322 7875 8153 6552 9008 7491 4129 444 268 797 3358 9631 3943 6929 8743 119 6810 5674
29 7633 9194 6154 3027 9352 2526 4697 8108 5188 5637 4174 6651 7076 2877 8390 3942 9430 7126 1231 2882 9684 7933 5316 9291 1634 8596 7319 9403 1199
23 6638 1492 7787 9685 9956 4715 5940 8910 2801 9725 8458 7596 6375 1409 635 1161 9551 1945 9468 3947 2796 7923 5398
26 8039 8504 9104 9646 7728 6622 9848 1603 4028 2935 5767 9507 4232 705 7507 5494 3691 3613 9028 7754 7119 9148 3760 8070 3080 969
33 7822 1846 182 5997 8282 3 4126 5307 2301 7800 4550 7869 5071 5480 5290 781 430 8807 6786 4509 3293 4842 5458 672 3965 8388 7799 2104 2211 2828 4680 4956 7021
37 8424 1573 8568 6463 6030 6374 3536 3851 1674 3528 2738 6236 6277 569 3407 798 7509 9185 99 274 388 8087 8133 2229 7628 7710 4778 3792 8719 3133 1500 3426 3450 2329 2902 1136 2157
30 4466 8698 5326 3937 2512 961 3186 8634 8201 8920 87 9178 4833 6927 2859 7308 3063 4332 5978 4106 3325 2521 8230 6691 5902 8716 8788 2807 2556 8631
27 6891 3288 5492 9202 462 9907 9165 7572 6267 5035 9089 8505 924 7130 7075 6350 7750 7733 1578 2344 1510 5722 7736 5437 321 1001 5638
28 4974 957 523 8654 5185 460 4655 6421 6027 9393 1081 413 2255 3839 838 1063 9893 5567 9998 1624 9693 1200 786 5719 1347 2257 4548 3472
26 7313 3425 6461 3630 2399 6275 5423 4104 2242 7468 3398 9545 6354 5451 32 3461 7499 6249 9896 122 1208 3165 3112 7396 7413 8574
28 4119 1539 6671 3316 350 9549 4298 4089 6276 9919 8844 6948 4602 6450 6850 3231 6110 9701 3365 8785 1381 372 8802 4369 2731 8195 5054 7540
38 7760 1312 1768 3903 9811 5313 2057 8831 4589 4194 230 472 9973 1986 7275 5701 7560 1280 3034 6706 369 5394 3088 9779 9807 9614 6514 6047 1859 5649 2883 581 4947 3758 1027 2016 6017 3595
30 3179 4259 5345 3919 4046 4005 1604 6676 5596 5084 111 5530 4293 2887 2390 9736 7702 8975 8804 9801 3017 4242 8962 2991 8203 7770 749 2544 6576 6627
30 4753 1425 2874 8400 3524 3455 5210 6299 9324 5407 9376 4941 4720 4284 8826 877 2666 3152 2060 1224 248 3737 1201 9026 9379 8160 8770 2523 6806 7756
29 3611 9688 6595 3302 4286 221 679 9172 9186 2415 3435 8666 8149 9483 834 326 7640 707 6536 1506 1447 9034 251 9642 1288 1672 4685 6843 6835
33 8315 1599 612 2890 191 8613 2395 6966 1996 7117 1194 3304 6666 7503 2857 5874 5786 2872 7196 4555 7292 9671 4023 5139 9105 8570 6259 7139 149 3687 6360 4532 3530
31 2636 7511 9366 7329 8778 7279 9190 5671 2673 2435 9308 619 2178 1915 8185 3495 982 1950 8420 7684 6789 6896 9102 9775 6917 823 6818 1010 6442 1533 4037
30 5524 6557 3878 2557 4115 7867 6211 8865 9456 4478 5757 4363 7131 3430 2878 3700 5752 9122 8288 9626 4653 3853 1078 9623 3066 4381 7107 3024 2879 4915
29 2417 1752 8710 1021 4279 4 5182 208 5435 6470 2289 3336 3986 7043 6398 6904 6079 2246 8767 4208 579 8126 1374 9112 426 1607 4791 518 3071
31 3216 8184 8177 3781 1059 7769 1342 7675 2142 4640 4542 6263 7284 5083 9651 3317 5015 9424 5731 4240 2447 6827 7550 7250 1966 9539 3111 769 8151 7887 5885
25 6190 8121 9984 8540 215 5887 8316 8499 1899 1695 7340 2019 6414 8990 8498 6403 5899 1216 7964 6987 3935 3469 2302 3870 7559
26 7662 5535 9826 7871 747 7579 3238 5424 8154 1431 7071 6648 1870 3393 4829 2300 1887 4704 772 3966 6080 2927 3930 4827 224 2661
33 3709 6227 8383 1060 6640 7084 6718 6779 9565 8488 4348 4460 9368 9309 5306 8279 9609 6438 9297 5422 9473 9199 7599 6831 9399 6501 7505 566 6503 9573 7806 7775 2659
25 4398 4634 4803 5534 4573 4567 3917 8718 3489 8289 7400 3246 611 4033 3820 5495 9088 7571 9574 9608 4222 5937 4274 6650 7652
31 7324 4671 3119 9820 2244 4607 8072 7327 541 9240 4110 7304 3362 5010 39 115 8109 8597 5287 5733 6505 7535 2588 8763 3752 8241 2054 6435 1350 9768 7456
32 8983 227 7979 2145 6283 8439 158 5478 5875 6854 8123 7709 4728 7345 9628 5200 4583 5839 1853 9513 4191 3824 8839 3973 6109 8075 6751 4561 4512 9847 1864 1635
23 6845 534 8492 6778 2304 5258 9263 7621 794 1602 1532 5547 947 6492 2407 8580 4253 9680 9950 889 371 4625 8618
27 3171 188 9459 540 2141 9097 220 3151 2179 4178 2852 5080 920 183 2270 4763 9944 913 9132 2117 3447 2884 7121 1509 4674 4353 3107
29 8246 3640 8130 4926 2841 9915 6411 2247 5434 3487 3850 4344 3174 4410 1661 8490 4146 1858 2929 4513 921 8951 983 859 4138 4702 9094 1851 9860
31 6197 2086 5941 1330 1590 8950 5226 7383 1217 2920 4969 6744 8292 2707 734 8628 4945 4599 1102 1223 6545 6111 222 7961 8703 3823 5017 6366 8117 7261 8816
27 9155 7704 9591 5903 8053 9322 2018 8911 7190 6609 7776 9654 5428 7118 6945 8883 5270 6963 7357 3964 8169 3841 2203 8409 5928 5240 5320
34 4182 1660 4303 4568 910 3324 3659 60 4933 6794 7960 5700 2522 560 6025 6399 4918 5732 254 5755 9426 1502 7023 6193 8064 6194 6290 7902 3154 8712 6667 9113 8583 1993
33 5482 8366 49 2469 9817 5144 4553 675 5105 8262 893 8511 9090 7009 6510 2589 1761 844 6220 6714 6758 4010 9016 657 4675 2174 3578 3478 3351 8660 7934 3403 2894
32 1577 7245 6151 7161 4009 9773 5368 134 9885 3648 7812 8055 1708 1548 5998 3284 9845 9672 2324 5958 7510 179 9532 7562 7301 8302 2721 192 3796 24 6371 8636
36 2652 4922 2330 5109 2767 4195 1430 674 4758 5168 6567 6256 7257 1630 5442 4919 1467 4148 318 8773 6905 5150 4086 6314 6381 8357 9496 9945 8112 1812 3710 6377 4998 8771 7936 3227
24 4759 8447 3383 1745 2051 9096 1138 9880 5090 9173 8976 7941 7072 7623 3723 4570 1732 3549 7269 4646 5864 8585 4422 5779
28 3877 5532 1066 3682 3518 5400 7259 8285 5759 3715 4489 3705 7025 4813 3401 2226 4162 9985 4649 1394 6641 9402 6887 6141 8810 5633 6184 5774
27 1109 2607 3060 5476 6925 3367 6464 7087 9585 9133 2680 4997 1349 546 5828 3686 1249 1052 3837 5697 1284 129 9205 3988 7741 6625 3748
31 7674 395 436 3772 8017 3476 8872 879 408 9477 1904 9658 5490 5781 7989 1188 9359 6698 3419 8571 8705 7716 3087 4484 312 2427 1765 6654 9474 5877 4097
32 5014 9213 9417 3972 3339 1421 8530 9258 1165 5587 4251 8040 6357 5501 4696 2033 5027 2757 4623 5003 6195 4731 959 5449 4176 1900 3729 3157 951 6157 7178 7326
26 6392 9445 8590 7611 627 6242 2468 9356 5748 8638 2763 3494 3622 3941 4676 6565 595 8403 4233 7137 6248 8736 3906 5375 7270 1637
29 7148 773 2069 6416 8063 6348 6292 7054 6559 7703 8466 7531 1459 6484 2171 7088 4230 5790 2290 6558 3900 9840 2443 3084 2533 6901 990 7371 4502
28 5703 9718 1670 3172 5566 3702 177 6328 7743 8917 54 2412 2465 1418 6362 9405 2271 8608 2742 3523 2579 8647 6631 4020 1975 4224 3589 7537
34 7782 1764 4246 4481 1036 2472 9150 2201 7375 3079 1998 9954 5821 5749 4374 529 7157 9616 1122 8960 9717 5098 7495 4972 9245 1646 2619 5039 5337 2571 103 5513 8009 6588
29 138 5130 8566 5895 7147 6520 5610 2797 7592 9733 7291 532 5847 231 585 6134 7236 1195 812 9429 2628 2773 4810 9789 1254 1119 7938 7747 2084
27 2182 8948 2554 9073 1985 7668 792 3348 7835 8122 300 4316 2044 568 4027 2972 8186 1058 3750 217 2865 7220 4877 5849 4923 1946 6246
28 8995 9727 7708 702 7982 9606 1542 5159 1427 4520 9012 4383 2686 2220 533 1114 3928 285 5980 9644 5754 7303 4105 4666 7152 2514 3148 5227
30 78 846 7380 5942 9123 5117 6304 5125 800 3675 1083 2835 6820 4844 2548 8861 4139 5884 2792 1652 5468 4206 6477 4572 1061 652 6041 3529 1778 4964
32 3075 5952 7358 6250 2396 8765 7149 184 3647 8224 5983 1589 8721 8722 7363 2256 6977 1941 4202 9875 7398 728 7451 8326 3577 113 4905 7970 9580 2532 362 6787
28 7047 6980 8927 498 5461 663 9781 4559 313 1435 9862 1919 3801 9050 379 6768 1645 1523 3342 7786 8557 4729 2383 692 3649 253 6573 5002
27 816 626 2649 479 9378 6073 970 883 7078 1329 1933 8332 1819 7676 6083 6734 1296 6095 7302 9306 6986 7453 8219 7050 491 2213 8307
35 8579 7030 5984 4458 2305 3306 2353 1913 2429 3001 9394 4524 9531 4856 1309 9809 92 580 2739 6439 5924 7189 7079 6087 4886 7182 9610 2454 6838 2567 378 3816 7965 2956 9700
36 8044 994 7222 8952 4311 5912 4205 2525 7390 9634 1290 8448 8661 909 3269 5606 5346 9197 2658 1169 4836 3222 8419 454 2277 5663 1232 607 8393 218 4337 8353 6332 9995 5690 9600
34 9988 9031 1424 7529 3679 6936 273 8697 9590 4323 5079 9107 926 1098 872 865 4402 7612 8348 3684 903 2364 7829 7585 3031 1006 3097 3053 3521 6769 4360 7677 1991 5065
29 8267 7219 8693 5102 4627 9546 7227 8812 3254 21 3146 9158 2014 2551 1504 6380 4970 8519 2227 6611 1970 1202 942 9766 6222 196 8024 1473 7688
23 4574 2335 7969 5968 1907 9963 8646 6971 1680 3310 6114 6996 3677 5236 8459 9566 5743 9146 8742 7524 4664 3349 4516
36 5370 8207 6879 3987 906 2535 4250 7176 971 8790 5396 1354 3212 8206 5964 3127 6060 5330 2424 6692 9666 3067 9409 887 1625 4894 9333 9859 5624 1017 6260 7617 9320 2008 9767 6240
27 4071 5097 3765 9951 1520 7625 4495 1412 5850 7561 7525 3893 3888 2740 1246 3776 6788 5625 6081 5364 6355 2046 1594 8146 5950 3038 2528
27 8786 7606 8625 357 6005 930 1433 5862 4782 6454 8842 2671 3389 5730 1616 8396 2402 246 7193 3538 8411 8929 6478 7090 575 4418 6121
27 9601 1938 9136 548 2933 1267 1276 2439 8620 1767 1032 5327 6780 9414 3806 264 6940 7813 1265 5620 3526 9176 4326 6431 9100 9192 3116
25 7006 5529 896 7416 5448 9874 8991 771 9310 8783 2071 9092 2520 3672 1050 247 4187 6035 9357 3909 621 788 6969 2783 9958
27 2648 5944 3312 1499 1795 171 6985 2744 6630 6033 5420 1585 5367 8475 8242 2568 4406 840 9758 7504 9663 4721 1470 2844 3289 6776 4586
31 8404 656 2604 6889 6620 1923 795 5126 6710 3556 1836 290 878 3277 7983 1126 6129 3175 475 7681 8425 1286 9920 7685 7266 9722 7512 809 8218 3970 6133
24 2563 9157 9470 9251 4082 2644 8532 888 2725 71 9068 2632 5426 7779 4357 6199 4491 8071 6116 8648 1375 5586 4635 7264
24 3827 8431 2614 7286 590 209 1525 1120 7330 4667 5800 3897 9647 7879 272 3736 4041 723 5408 347 8110 9748 8395 2507
34 8346 1143 9756 16 4910 706 1677 1750 3904 3037 6473 3678 38 8931 9303 863 4421 5505 6512 1903 8671 7582 5651 4133 29 2597 3713 5812 5391 453 5256 2493 4708 6596
28 2265 7794 6720 3694 1926 1264 1076 5682 365 760 5597 8369 4379 6941 3812 1294 7167 5076 3432 5362 4220 9048 9318 1633 6077 7713 1266 7004
31 701 5354 1038 1407 5855 4156 1994 147 9762 3018 6296 6800 686 2998 3923 8338 4365 2692 3890 5554 483 1159 890 267 5155 3586 2063 8343 4811 869 7917
33 1359 5914 4870 8547 1080 7177 2129 4692 484 2403 525 5514 8347 9750 5830 6646 8864 922 7757 9794 2419 2663 2173 7943 2449 6131 1982 9514 4850 7601 1800 4540 900
22 1753 7720 5881 589 1004 9006 2011 1825 228 1068 8732 1346 1640 6964 8430 349 1790 1576 7604 7731 9463 4775
30 8078 8183 6785 5377 6032 4476 7980 2574 5760 9339 9203 6989 9218 9618 1553 9959 4902 6124 5246 1823 7971 3658 3593 3022 7998 9633 6305 3138 4354 8387
29 4980 256 2479 1515 1282 5916 9415 4413 5763 5397 1444 1914 4072 1567 6078 2806 4305 3433 727 1902 708 8088 9020 9143 6068 5717 3570 2338 7527
28 1566 3968 4170 7689 8766 4309 7110 2158 1882 83 4375 8482 4713 9196 6323 5252 2690 4987 3217 1332 7904 9377 6053 3842 6524 4714 7978 8114
25 3860 2583 2263 8615 5705 3587 4880 7680 4612 9261 9800 6502 9681 9040 1581 6678 2192 5891 8101 9550 4210 3438 9586 7002 8964
26 5798 1130 8432 4996 2930 5323 4487 141 5189 5603 3314 3798 4215 5075 5718 9098 7999 9230 8735 1989 614 1454 6833 3092 1801 7593
27 7937 7613 4701 3921 9592 8833 132 5863 5556 1167 110 5036 9051 5438 9160 4862 8283 2798 255 2488 6571 9972 2694 5946 1396 5471 3159
27 862 8286 1037 3150 1715 5138 5274 2233 3262 2924 4825 5579 7321 8942 904 2047 8198 7325 9206 8188 4783 4681 6828 390 8374 6732 75
30 6603 4662 5245 5555 6493 1053 3898 7842 7513 2788 2909 868 1524 8915 1094 6365 5295 8321 7027 3714 7797 7548 366 9472 88 344 9613 4981 6161 5361
29 3873 4581 4632 8143 2252 3139 7086 4395 2027 9436 4527 3892 6252 9135 1936 8601 2111 3013 507 6020 2222 9062 5019 6909 8174 1518 5907 561 6906
32 2711 3505 2012 1964 3537 3669 9272 1888 2562 4432 5366 4857 7771 4136 1742 143 9448 3137 5594 5487 2131 4301 5250 699 1479 2962 4196 8484 145 8744 9802 5193
33 3210 3643 1863 952 6255 8681 3203 3520 4117 1317 7670 7536 9677 4617 7238 4080 7500 226 9726 6839 2665 104 1478 2363 5776 6324 1474 3607 7843 8187 9544 2952 8694
29 9440 1191 5917 2715 7985 421 4408 5499 4672 1485 409 6574 5694 9490 5450 8140 4800 64 9595 4879 7389 1318 1583 9912 2776 2456 7165 7063 6422
31 5777 5557 6265 5115 9806 653 4355 8873 5223 203 7334 6954 2984 6544 6321 1047 2245 3805 2026 8300 8397 3296 3223 8456 9004 1263 8792 2781 9607 6647 2611
32 4616 1348 7183 2971 2037 375 2137 8711 2409 9289 6872 2062 6367 7549 7233 7831 7053 1117 985 2592 279 8048 1388 3591 4409 2214 5569 4762 3101 8784 9354 7260
29 3198 5467 2365 6871 1422 9772 3122 3667 9439 2499 8993 3280 3606 6716 9299 6837 7630 9295 5631 7403 2831 9536 6619 427 9894 5609 3872 2386 9510
26 5262 4318 5387 1049 1740 9571 2274 871 8617 9664 1034 6457 8675 9757 5643 6315 8313 7373 3566 1992 9682 3994 2896 5787 1916 3021
27 2297 3856 2736 9980 7239 250 980 5584 6183 3982 9739 3944 8761 7587 6628 2087 3690 7945 1703 8789 4908 3208 6709 448 7837 5562 2630
30 3235 1365 4650 8438 8237 4181 740 185 9675 7038 4638 9835 8832 7740 2560 2278 830 8847 7103 7225 2484 5807 2438 8428 2360 9953 1209 240 9723 5698
30 90 8740 7864 6961 1260 6876 6212 9495 6015 2558 1166 8755 1056 5504 7058 7013 386 7353 755 3621 28 6834 4324 737 6745 6059 5918 340 2968 1868
28 7694 26 5612 768 2840 1009 9380 7748 1477 8067 4657 6612 1544 8787 5982 5199 2411 2321 6900 2898 935 5571 4411 3653 6564 4875 5823 7414
34 3169 3914 7367 1123 1257 9489 7361 3741 6446 9084 2542 6434 4689 2314 603 1892 4776 9564 9276 354 7285 5034 9142 401 4536 712 6239 8433 6499 7029 3218 2431 8819 5921
30 2351 9747 8297 5263 5658 6481 3722 2334 9939 565 5238 2547 7935 6993 3321 6594 297 5810 4389 1884 6346 3749 4537 9849 9170 5276 3226 9188 825 8629
32 1415 8934 6402 6150 571 2295 8050 6057 1370 5601 1647 5169 8616 2066 4749 125 5006 367 4814 3740 1654 2702 2362 1696 8531 455 8165 6881 6821 966 3857 5988
34 6669 9589 2954 854 3050 3680 9391 6634 9898 74 5146 2989 3229 9187 1176 2730 3983 5378 5648 4557 912 6875 9237 776 5141 1153 9082 7791 6153 9398 1399 1235 4871 2497
27 2198 4769 1737 9504 1487 8365 2613 9314 9254 70 3797 7785 7429 9390 802 9659 6760 2723 4819 4022 9181 7789 5489 7474 8216 202 4329
28 9561 5511 3618 8261 4983 2782 9395 8680 5023 3863 5811 858 3894 8762 505 2307 5431 5288 2733 3689 5234 7154 1958 3041 6988 3958 1315 977
27 3181 1067 1818 1560 682 2771 8423 4446 4888 5509 3298 6773 6368 9287 4633 3799 7834 7143 6529 7198 4173 5190 9977 5660 6415 1522 5273
28 7566 766 502 291 5005 397 1784 7660 1007 5384 59 832 7948 1598 9323 7365 875 4405 7293 2102 186 6022 4973 2119 1255 5470 4821 4576
27 6488 446 4480 2144 4817 8257 2136 1609 1694 4021 1320 2900 7809 2967 3054 2508 5479 7127 201 3294 7252 6541 7583 121 7100 1323 4962
31 1595 8797 7516 2640 6516 3755 704 8913 3644 2679 3865 3330 1747 3629 3132 3477 9344 4477 815 86 3535 2754 3539 6589 3768 7444 4449 2824 3979 3633 1773
27 1377 3482 9492 3333 7323 8751 8884 3049 8494 2832 5523 7816 345 1406 3250 4207 8461 2133 1565 8825 7749 2655 7498 640 9476 5161 6730
28 405 9635 544 2633 3380 1794 9831 4116 6361 5976 1104 8813 1972 8255 1507 3211 6223 4118 6039 8054 1084 346 459 5677 2976 6358 1211 849
30 5846 8919 1417 7485 5542 3281 8645 9994 5133 9363 4431 8145 1489 3926 8780 14 324 7410 847 1324 7954 8408 9819 7287 486 6052 7246 2273 511 7234
26 6770 3693 5153 817 6910 6658 173 6274 5769 8147 7766 3975 3584 339 3220 7171 3287 756 4595 668 7967 8902 3800 573 3345 6513
28 5613 1196 7173 4415 3442 1961 7203 385 3830 4452 2175 9270 6188 5550 9855 2463 7860 713 6282 733 9730 2208 1008 4209 7376 5702 2510 3868
24 750 5815 2147 5714 7489 9554 1326 8602 7352 2705 5162 8963 9411 5239 7231 6967 2112 9341 6679 9193 9620 8559 8164 8392
31 7883 7487 5653 9042 8162 9625 7406 6419 5878 1610 7745 7942 67 4147 9458 5073 8341 9830 923 5630 6333 7057 4849 298 880 9277 5459 7810 3583 3719 5789
25 3782 7724 4710 309 5654 9599 8848 356 9274 3813 9035 1085 9118 1146 9935 6607 6965 5186 3569 3395 4203 767 1669 3424 9878
27 2847 6258 6117 676 504 7607 6427 9491 219 5281 5782 5152 210 7515 4843 3125 481 7283 1065 6923 7818 5765 5728 6921 7726 9388 4832
29 5934 7798 3295 9428 4887 6105 4975 2021 4095 3402 6999 6386 6735 2225 8401 1720 7350 3428 4464 5145 3626 6602 9201 5294 8750 3030 9018 6135 124
24 2766 3681 1779 1051 5910 784 3804 4048 8000 8469 9317 452 9704 1771 623 6376 1 2492 759 6605 4308 2942 9827 519
30 3534 5462 8052 9836 837 5783 690 150 6331 6847 995 6191 8094 1046 9877 6180 3822 4016 176 3206 7140 4613 5575 3527 4798 3354 3601 4339 2007 8314
30 5241 6245 1014 3201 9129 4249 2258 4454 9660 4306 3825 4988 986 2682 3514 8355 8190 8529 3329 6527 967 2688 4939 1702 2566 4959 8893 9164 9841 1397
28 9791 3051 9732 6102 5713 9241 8828 3167 1259 9067 7108 8939 2121 9279 5048 3458 2899 4991 8856 2361 3561 8202 2784 3706 8823 6577 4954 937
29 9850 8977 3099 4165 7022 2232 9808 332 1557 3563 3241 2404 729 5104 6075 2341 7181 1336 3252 5641 3413 4075 6832 1393 8658 2616 8412 1212 5453
31 5233 330 2693 1275 5116 238 9540 8737 3803 1839 3912 6344 8318 9087 1206 4100 7237 664 8621 3884 608 3738 725 9691 7125 8935 1486 8416 6179 6511 9895
25 3579 7230 6262 2908 8349 3802 5843 5659 8623 5309 6192 8926 6998 131 56 9511 8863 7311 2109 8247 1115 852 9015 5204 9577
26 811 3575 9052 5308 2339 1229 4264 8689 4243 6813 2699 1650 5761 3828 6175 6861 9624 761 4333 8836 1815 7788 836 6142 5561 2681
28 61 6382 7482 1055 6389 8517 4193 1423 7407 8047 9833 3695 2464 5842 9262 4706 9928 154 2932 3980 5785 6799 3936 3274 8487 7839 711 7577
22 6284 8445 899 4231 5446 266 2009 1960 2811 9091 4280 7212 1673 6058 6297 2159 6957 3995 6797 5527 6447 3952
29 3503 8073 7699 1210 5860 4942 4734 1269 2028 8213 2052 8115 1401 6433 1488 1977 1376 4143 4604 4744 1041 7465 2545 4746 20 4895 578 2786 6413
30 1691 3701 3462 7603 9856 7768 8256 4325 7213 1044 8686 4180 5994 6624 3437 4493 9709 2118 7241 8457 2621 8998 5217 3510 3015 2712 7174 5042 2804 5517
25 2000 7060 1558 8250 7379 2728 200 597 360 2590 8335 9769 4218 8200 4470 1584 7479 1649 4863 1432 4283 5657 7595 9778 1967
31 457 1776 1025 4053 7467 7915 6547 425 5861 9737 5314 6318 2153 1128 9434 2944 3108 3978 407 4826 9911 5094 8600 5995 7360 4150 31 6883 4345 341 4659
25 5583 3866 3177 8954 8281 8958 9986 6562 4017 974 2124 259 4074 4226 3650 1379 3029 9493 542 1628 7048 2269 41 8225 6055
31 8339 7011 5999 1588 9825 1198 8454 8518 194 473 7473 9728 239 249 3028 6156 1383 2727 302 2473 3976 5858 2240 6723 8633 9637 6532 65 6189 3580 2504
28 6578 5545 779 2168 8549 7541 2843 2646 5311 8214 8907 5913 1144 5135 3512 7210 7975 6555 8452 3338 2377 2905 4042 4517 3652 8317 7215 4347
26 3899 1675 6322 8651 975 7356 3500 2947 9917 9575 9466 1829 2982 4525 1225 4475 3638 5853 9269 2529 7520 2706 587 2031 6149 4644
25 8543 6864 5826 9520 2873 8564 1895 8912 1301 3300 8294 6018 7199 6453 6939 9611 2827 3115 7657 2434 9805 5317 2075 2215 4300
26 8166 5965 8327 4227 2167 4703 190 6233 373 3392 6449 4382 2114 7924 5880 6487 2596 6101 1183 3219 6688 105 3311 6269 4712 5987
25 7397 7120 3844 2013 9961 2591 8274 9771 1002 3453 4295 6024 3961 1613 4541 3916 2605 8359 5558 1874 806 6755 6974 6632 5107
23 4757 928 9454 873 5796 8553 1810 2799 5350 3502 214 6991 6127 9711 5518 197 9065 8695 8979 2834 4257 212 8799
32 6935 8906 4252 9121 3040 22 2477 576 1668 545 4835 6809 3568 9923 6851 9427 6877 6417 9867 463 562 2455 2285 7644 4531 1385 9422 3404 2620 8443 5392 6614
25 6152 9568 6563 7952 4183 4044 6268 7761 5175 2316 3065 2549 4839 2034 716 2886 348 9009 3864 2987 9576 8729 3663 7718 7492
28 6509 4834 4391 4358 8687 5293 3166 9908 2643 5395 1701 4723 2945 1780 6938 97 5623 6805 9305 3699 1538 7807 12 9916 9383 4135 8265 5707
28 4067 9120 2323 8462 8463 2194 1545 1849 7645 5405 4425 9464 1873 7172 2181 4752 5750 9946 4626 269 9657 2177 1378 9927 2400 1313 5851 2217
22 4507 8120 629 8046 7910 3651 743 4079 4266 403 4985 9256 3889 6147 9668 7159 8692 4606 622 5016 2907 2249
27 8565 1462 5 4302 3745 4630 670 4726 991 2188 1371 331 4511 9552 2348 9421 5741 4812 3245 1164 8342 2875 6019 6662 172 9296 2367
29 2524 8624 9899 6554 9329 1243 3784 4691 7409 7037 6849 3356 6873 2187 3418 3376 8997 8869 6285 5710 8127 932 2248 7156 4913 4352 5365 7996 1627
28 6699 3278 9147 343 7338 3130 1020 3835 3191 5291 9072 1261 5477 4756 2714 4496 440 4853 9171 5788 142 8510 8779 3214 4683 7322 283 6148
28 9940 2459 4777 1689 5439 8042 4201 521 2370 1262 2981 6451 4113 6009 8116 5617 2045 7959 9519 9313 7204 5305 8363 1981 6783 1615 8479 7886
27 4474 288 5516 7845 7773 243 8493 4497 4892 3124 387 2973 8378 8051 6807 4596 4299 8973 6132 9013 7445 4155 8777 9134 9080 3840 3708
25 6623 7253 5151 515 1777 2039 8877 8352 7884 2683 1358 2326 3343 9419 6739 1955 5164 4198 6196 7977 2294 818 9045 3072 9163
22 736 1756 9754 393 3182 1730 3546 4992 680 7018 3301 2219 8023 4261 8280 137 4267 4061 8068 3120 5953 3818
30 6046 3291 3332 4730 3558 1149 8528 1207 6171 2897 2416 1483 2082 3026 4750 2379 5773 2988 5047 4216 4029 5452 1686 3098 3938 5231 9423 4793 2349 5410
25 2916 9286 1600 5693 3033 6036 2266 5512 8398 8728 4898 4582 6176 4368 2869 7778 9209 7889 5103 1273 3189 5762 8606 480 2059
27 7752 1772 6125 5052 3858 1253 9499 9839 7370 7005 4420 4471 8882 6521 9674 8480 6045 4451 9965 1356 3862 1129 6040 7858 4840 2585 3642
25 6600 6765 2775 9485 5376 6163 7765 3742 5282 5691 3759 5962 57 7564 5248 9981 8656 8091 9715 3572 9069 2915 3769 6061 1445
22 5298 5867 1238 1368 8005 6690 2986 2913 3635 4930 1452 3692 5484 7447 4709 5089 464 4631 9759 9934 9645 9724
20 8464 8820 5901 4521 7062 5413 4019 3771 512 2315 3043 5131 3761 4772 2197 7616 8637 4437 3334 2480
24 7894 9735 4096 8006 9183 7981 4483 5578 4914 7973 7012 4740 7591 5212 4786 4429 458 695 7354 4619 5926 8298 1367 3375
27 1442 5148 4314 6738 1121 4504 4456 8604 9010 2165 6006 96 3129 3359 2113 9641 165 827 4663 5824 8965 2478 6327 9765 2371 2957 1177
25 6819 6410 9629 7185 4858 7278 8723 8593 1493 2610 8435 2413 5214 7888 1351 9509 4860 5061 5469 8382 9652 1878 287 6865 7134
23 4529 6566 4221 4990 9964 55 2675 4943 2581 2462 6326 6288 4359 260 6443 520 6489 7619 4741 7683 9244 6673 9741
29 8273 5436 513 80 9990 8642 7661 2030 8659 9179 4925 3061 1451 9547 1876 8226 6775 72 9319 4462 296 8576 5819 1626 1762 4552 8236 6480 6491
26 7581 3373 1659 3881 8320 3573 4621 927 4736 907 8925 178 557 5268 4934 5498 1180 410 6825 2669 4038 856 3993 451 3279 98
25 6168 9416 5585 2770 3103 8001 1883 1852 7925 4443 510 6539 8996 524 2650 6934 6370 3676 8772 1227 1601 6404 8062 3634 3517
28 281 6231 9027 5706 9494 6205 3780 1219 833 1889 9993 5890 7589 6044 7692 8095 8310 5640 3255 4806 2486 44 8803 9947 4698 3381 946 2994
31 2599 7151 555 9184 5784 6615 9338 3785 2068 9116 6581 2903 1170 9617 4700 2110 4054 5816 8563 9401 9298 5544 1687 8905 5873 5342 4346 2829 5481 9782 233
24 3560 9669 8937 6519 3871 5406 1620 2132 3105 2116 8426 1135 1726 8031 999 2660 9337 5923 4211 8059 3838 1951 7991 9563
22 2401 8727 8239 2536 1028 4544 6585 7712 7258 2893 1866 193 9140 8291 8199 9516 7497 2160 8520 7517 7568 2494
20 4976 4745 4938 4785 4334 9370 6208 8560 514 8837 6853 1101 8301 6880 8748 8287 2729 6181 9968 694
27 5696 1465 1575 7637 3479 956 252 9442 2286 5329 8066 1482 984 9734 4645 6494 8138 1569 3725 4342 5981 9813 2115 1404 9505 5991 1185
28 9200 1822 3907 1631 6452 6128 1440 5772 8904 4647 1092 2474 1003 6143 9453 9469 211 5272 988 3861 7073 6273 4510 3940 6094 6626 1099 470
25 8027 3746 2036 15 606 6359 3156 6037 753 4435 7586 5577 1918 645 17 5421 7862 5922 1586 8846 6311 9615 7362 8887 3399
24 1178 1521 7872 2960 6069 7068 4515 6508 9207 6629 775 5447 6695 774 8098 6372 7017 5232 2626 7463 4872 3202 9527 5211
25 7191 8471 2410 6944 3340 9281 4047 2808 6145 1838 6696 3886 6343 976 6043 9234 4427 6702 3559 3237 2311 8092 4707 7947 2107
30 5244 443 2359 851 8741 5355 4396 3144 7209 8862 1723 359 6719 7739 559 3657 758 5037 8702 3967 5338 4971 8344 2340 1957 7544 6506 5507 3554 8385
21 6754 9397 1657 6584 2183 8857 5894 600 4288 5191 3113 3371 1291 829 6468 9938 8923 3224 4320 5593 6266
31 598 9974 949 3541 2238 8389 1242 4124 1526 6178 5198 3010 3646 4761 9729 8860 6204 5154 1471 5605 9926 4445 316 1974 5725 2703 4590 9786 8360 8753 7649
26 7116 2609 107 3299 6084 3603 7267 7056 3609 1171 4335 2206 4838 3790 46 3843 1528 5319 9364 2422 6867 9774 2789 1551 9255 5666
26 8234 630 8328 4134 1193 9093 391 6590 933 1436 3011 3807 3003 3441 9931 3574 5692 1563 3666 8340 3032 3614 5936 5548 7772 1653
24 422 3275 7870 3625 7415 1168 4869 3251 9824 245 7124 6306 884 241 2997 3000 6071 1475 2025 7956 9557 677 6722 6091
21 7650 7790 81 7349 2280 6856 9857 3134 2817 7898 1073 3142 7226 4102 7892 9348 5101 2990 2067 1678 6656
21 167 2637 6978 5900 4158 2867 5770 2818 8509 2010 2015 9021 3276 8868 6031 442 9353 6303 7123 3048 9307
23 8204 979 5228 9437 8641 6531 9412 6456 8801 539 8135 4815 2564 4554 9578 5735 1570 8058 2866 7166 574 6498 537
23 434 1854 1770 6550 5278 8025 594 7032 954 9996 4538 8379 6247 5264 7452 6254 4790 4927 7521 5285 1738 6546 3504
23 2195 9708 6826 5925 2470 9500 8008 2826 3849 9 6048 1456 6953 7578 5444 5271 1384 7055 4270 8542 3451 1150 7899
23 9790 4628 8968 8263 204 1074 715 1799 2262 8345 7077 305 7310 8757 307 4372 7446 1605 7263 8739 1108 4961 5275
21 1562 6049 1898 257 644 5106 2724 3778 4371 4244 3109 4787 807 7095 9744 8690 2328 2848 2999 950 8351
21 5171 3164 9975 5838 648 8562 3454 334 116 3390 2204 1382 7221 5205 8643 5572 3497 9301 9881 1184 5044
21 6815 2642 5670 4055 8603 9760 4591 1621 4637 1403 7069 9512 1775 8900 7905 9903 517 3959 617 3062 4063
17 5360 9745 9795 5369 4588 4204 2577 4378 4482 1400 7366 8626 9225 8522 1705 7817 7187
24 2135 9302 7840 1725 4289 3020 6763 7893 2185 6226 8764 66 6526 9085 2172 2476 7567 8706 7717 6916 4479 5491 6217 9873
25 3318 5253 261 1011 4281 7377 3147 7532 4011 1667 5519 5622 2309 8269 6219 9597 6642 7687 814 4688 731 9293 9731 503 3386
23 3417 2298 1299 2310 7916 2457 7036 7672 4565 5137 2080 3470 4125 2272 4439 6391 11 4468 7457 6136 467 1739 5738
22 6727 7598 4229 7455 7838 7459 6846 2130 2164 1043 3052 6122 6903 2374 6103 6335 8077 1015 3474 5897 9882 6088
25 6280 7691 7316 9949 7450 5292 9906 8278 6836 4373 4522 7218 5672 4924 4159 488 9603 1277 7052 8018 9030 3421 7861 6663 7010
22 8418 2375 5742 1519 6715 5906 8284 2656 2657 7035 7558 5174 1632 3718 6870 8209 242 2392 948 3008 8683 3555
23 3090 7202 1304 8655 168 8536 567 3303 2342 8688 2889 955 7808 2839 9005 2458 6913 2074 857 2618 7730 3355 9991
17 3205 5053 6412 9793 8446 9283 9683 7632 4725 4816 7228 5515 7553 8978 6955 2810 5644
18 8569 3777 9260 1962 8124 9673 4085 905 8303 6984 876 1546 7523 1786 7192 2441 5372 3444
18 7061 9870 3388 9562 2426 310 7114 2631 3552 5123 3615 658 155 5992 1328 9686 5418 1651
24 91 4953 5935 9126 5687 1000 3721 8752 2576 8650 9024 588 1844 8212 3739 2421 828 5521 2718 9535 2041 1327 1345 3006
26 6912 1639 7580 5403 1226 9110 4127 5803 1963 7859 3370 633 5013 5927 9396 8612 1438 9602 2483 7972 3014 2308 8060 3645 8945 5284
23 4694 1344 9451 468 2931 7753 7958 3360 9312 9596 4669 2022 19 3787 9275 8229 6840 9167 8672 6533 8582 5269 6202
19 466 2331 9267 5279 2534 4317 9252 263 1789 801 3263 3999 6937 9638 7490 9886 2357 8501 6942
23 5058 8150 5119 7811 2122 5818 527 5332 4310 6792 424 495 5871 3673 9486 1811 9978 262 5813 9071 6680 2296 7207
17 6221 5012 1872 4732 5497 5093 1494 2224 8041 9294 4876 3793 8485 4490 2938 8986 3810
24 4137 2337 793 3565 2373 8191 140 8334 7099 9232 1713 8867 5688 3248 3414 3788 4558 826 7332 5678 8619 4963 1596 6172
19 7891 901 1189 4212 6406 700 8221 7437 3852 3915 7274 8738 4036 1718 787 5386 2530 4014 7272
20 8798 8577 1802 7046 4272 9812 4223 2842 9763 4851 3073 1341 5340 742 7940 151 9036 8632 4058 4254
20 3242 6409 3086 6606 5404 3290 4748 8796 7184 6968 5799 139 1843 5341 4255 1834 860 5780 3829 6164
22 6215 5911 6708 4163 8089 1292 6471 1706 5662 6802 4070 9266 4670 6549 118 5715 9905 978 9679 4197 3188 592
